 0.00000  1.81288  1.56625
 0.00000  1.81288 -1.56625
-1.57001 -0.90644  1.56625
-1.57001 -0.90644 -1.56625
 1.57001 -0.90644  1.56625
 1.57001 -0.90644 -1.56625
 1.57001  0.90644 -1.56625
-1.57001  0.90644 -1.56625
-1.57001  0.90644 -1.56625
 0.00000 -1.81288 -1.56625
 0.00000 -1.81288 -1.56625
 1.57001  0.90644 -1.56625
 0.00000  1.81288  1.56625
 0.00000  1.81288 -1.56625
 0.00000  1.81288  1.56625
 0.00000  1.81288 -1.56625
-1.57001 -0.90644  1.56625
-1.57001 -0.90644 -1.56625
-1.57001 -0.90644  1.56625
-1.57001 -0.90644 -1.56625
-1.57001 -0.90644  1.56625
-1.57001 -0.90644 -1.56625
 1.57001 -0.90644  1.56625
 1.57001 -0.90644 -1.56625
 1.57001 -0.90644  1.56625
 1.57001 -0.90644 -1.56625
 1.57001 -0.90644  1.56625
 1.57001 -0.90644 -1.56625
 0.00000  1.81288  1.56625
 0.00000  1.81288 -1.56625
