 -0.0000582315    0.0007287548   -0.0042375156  
 -0.0000096350    0.0000626118    0.0023163500  
 -0.0004574010    0.0010790907   -0.0080357176  
 -0.0000295552    0.0000770436    0.0025746962  
 -0.0009801443    0.0008240846   -0.0104473722  
 -0.0000439177    0.0000869825    0.0027967003  
 -0.0012531632    0.0001479368   -0.0103347278  
 -0.0000412628    0.0000895927    0.0028550905  
 -0.0010872752   -0.0005268604   -0.0077100581  
 -0.0000261768    0.0000929381    0.0027752665  
 -0.0005116323   -0.0004290800   -0.0035692945  
 -0.0000023033    0.0000973637    0.0026278946  
 -0.0000734656    0.0005960852   -0.0036317915  
 -0.0000093086    0.0000536749    0.0021757656  
  0.0000296822    0.0011032970   -0.0078773326  
 -0.0000302056    0.0000703499    0.0024554804  
 -0.0001697157    0.0010770380   -0.0115027595  
 -0.0000471882    0.0000825540    0.0027016920  
 -0.0005136432    0.0003517434   -0.0127855182  
 -0.0000574913    0.0000818161    0.0029079029  
 -0.0008723149   -0.0006315815   -0.0113473046  
 -0.0000497285    0.0000829924    0.0029097962  
 -0.0008422111   -0.0009228845   -0.0076308918  
 -0.0000309141    0.0000853383    0.0027896389  
 -0.0002269835   -0.0008975618   -0.0058609378  
 -0.0000324677    0.0000777402    0.0027363911  
  0.0004494055    0.0008443549   -0.0060183942  
 -0.0000279717    0.0000618673    0.0022839290  
  0.0006440342    0.0009727502   -0.0103275239  
 -0.0000461026    0.0000760243    0.0025456190  
  0.0005353415    0.0004638778   -0.0127105665  
 -0.0000593441    0.0000776098    0.0027753571  
  0.0001569862   -0.0004997424   -0.0127427030  
 -0.0000660641    0.0000748322    0.0029414484  
 -0.0002055591   -0.0012323128   -0.0101731706  
 -0.0000538783    0.0000754309    0.0028899258  
  0.0002369449   -0.0010815893   -0.0069526047  
 -0.0000554871    0.0000691018    0.0028012088  
  0.0000635894   -0.0004651159   -0.0028745645  
 -0.0000328720    0.0000725753    0.0026327032  
  0.0008315382    0.0006732410   -0.0070307297  
 -0.0000426422    0.0000688997    0.0023407847  
  0.0011286865    0.0003292543   -0.0102592254  
 -0.0000573669    0.0000736662    0.0025787368  
  0.0010116872   -0.0004113461   -0.0114094889  
 -0.0000673330    0.0000719355    0.0027713102  
  0.0006122398   -0.0011994639   -0.0102755713  
 -0.0000710086    0.0000681013    0.0028972894  
  0.0005560778   -0.0008024684   -0.0060023314  
 -0.0000740141    0.0000641891    0.0027894098  
 -0.0003967939    0.0001411174   -0.0030752504  
 -0.0000026105    0.0000866645    0.0025686923  
 -0.0003653052    0.0001419237   -0.0028611326  
 -0.0000019588    0.0001012489    0.0025638226  
  0.0008360144    0.0002880021   -0.0061093861  
 -0.0000537389    0.0000706296    0.0023449096  
  0.0010492863   -0.0003561698   -0.0078919268  
 -0.0000655690    0.0000708826    0.0025517896  
  0.0010098276   -0.0008033419   -0.0078834188  
 -0.0000728312    0.0000679445    0.0027027774  
 -0.0001704700    0.0004788950   -0.0036357880  
 -0.0000069195    0.0000690200    0.0024084067  
 -0.0005904743    0.0006406993   -0.0062855029  
 -0.0000244541    0.0000819141    0.0026363182  
 -0.0009086998    0.0003980195   -0.0071720380  
 -0.0000274119    0.0000934411    0.0027286413  
 -0.0008252724   -0.0000276947   -0.0059677035  
 -0.0000167335    0.0000985785    0.0026931098  
 -0.0003801040   -0.0002154073   -0.0030335465  
  0.0000031069    0.0001040208    0.0025864789  
  0.0005999156   -0.0004008637   -0.0039481199  
 -0.0000724174    0.0000709367    0.0024723339  
  0.0007126728   -0.0005429270    0.0462259769  
  0.0000194182    0.0000395449   -0.0462443256  
  0.0009243865    0.0000895523    0.0460038090  
 -0.0000035368    0.0000176896   -0.0461985159  
  0.0007286200    0.0005433246    0.0447418070  
 -0.0000251627    0.0000115159   -0.0461134195  
  0.0003527059    0.0001366962    0.0428781462  
 -0.0000425395   -0.0000084298   -0.0460109949  
  0.0001313827   -0.0008079223    0.0449415016  
  0.0000675162    0.0000924777   -0.0460371733  
  0.0002076012   -0.0008113228    0.0469009829  
  0.0000368943    0.0000472235   -0.0461466885  
  0.0004983947   -0.0001532651    0.0479049826  
  0.0000075630    0.0000162302   -0.0462445354  
  0.0007191309    0.0006528191    0.0467826366  
 -0.0000170762    0.0000305718   -0.0461881161  
  0.0006497146    0.0006900084    0.0446666479  
 -0.0000356135    0.0000260908   -0.0460938835  
 -0.0001501948   -0.0005482756    0.0439778948  
  0.0000893026    0.0001114950   -0.0459261703  
 -0.0003659247   -0.0007607315    0.0461486340  
  0.0000586182    0.0000626043   -0.0460360336  
 -0.0003273505   -0.0003319819    0.0479314184  
  0.0000295556    0.0000228406   -0.0461372519  
 -0.0000537429    0.0006124185    0.0479984713  
 -0.0000019035    0.0000323689   -0.0462324333  
  0.0001857470    0.0010264556    0.0459220171  
 -0.0000227568    0.0000477288   -0.0461627293  
  0.0002770378    0.0006035661    0.0437562656  
 -0.0000373545    0.0000383697   -0.0460606766  
 -0.0004403379   -0.0004549509    0.0445973778  
  0.0000846665    0.0000846466   -0.0459177828  
 -0.0007964197   -0.0002115449    0.0462017632  
  0.0000564678    0.0000369280   -0.0460184765  
 -0.0007290070    0.0003878900    0.0469147062  
  0.0000251013    0.0000416492   -0.0461180782  
 -0.0003718845    0.0009521767    0.0461779785  
 -0.0000023744    0.0000522240   -0.0462022257  
  0.0000266002    0.0008689794    0.0443263912  
 -0.0000193540    0.0000678316   -0.0461258745  
  0.0001962993    0.0002818004    0.0428634405  
  0.0000291838    0.0000660621   -0.0461873055  
 -0.0004284810   -0.0002849655    0.0441813755  
  0.0000871501    0.0000610614   -0.0458958578  
 -0.0006131824    0.0001462558    0.0451386976  
  0.0000570088    0.0000574117   -0.0459951544  
 -0.0005266139    0.0005773058    0.0450297785  
  0.0000298680    0.0000632107   -0.0460840416  
 -0.0000382632    0.0006214051    0.0442496729  
  0.0000067551    0.0000739905   -0.0461595154  
  0.0004233112   -0.0001641662    0.0444067287  
  0.0000350286    0.0000758830   -0.0462284088  
  0.0006212422   -0.0000929781    0.0445525455  
  0.0000117952    0.0000398323   -0.0462002850  
  0.0005135636    0.0002766419    0.0439056826  
 -0.0000077185   -0.0000041689   -0.0461173391  
 -0.0001088337    0.0001933912    0.0433016586  
  0.0000144012    0.0000966015   -0.0459911776  
 -0.0000702673   -0.0003351754    0.0433461332  
  0.0000808967    0.0001257067   -0.0460237503  
  0.0003264388   -0.0006222114    0.0450936460  
  0.0000495483    0.0000804499   -0.0461390734  
