-0.005823  -0.025033
 0.072875   0.049398
-0.423752  -0.259919
-0.000964  -0.000199
 0.006261  -0.002679
 0.231635   0.426631
-0.045740  -0.081862
 0.107909   0.139788
-0.803572  -0.490271
-0.002956  -0.000468
 0.007704  -0.002923
 0.257470   0.421823
-0.098014  -0.152875
 0.082408   0.124397
-1.044737  -0.726827
-0.004392   0.002430
 0.008698   0.001195
 0.279670   0.416208
-0.125316  -0.165798
 0.014794   0.005757
-1.033473  -0.728473
-0.004126   0.004185
 0.008959   0.005118
 0.285509   0.416243
-0.108728  -0.100701
-0.052686  -0.077039
-0.771006  -0.491549
-0.002618   0.004137
 0.009294   0.004762
 0.277527   0.421768
-0.051163  -0.030159
-0.042908  -0.046440
-0.356929  -0.259904
-0.000230   0.002492
 0.009736   0.001128
 0.262789   0.426557
-0.007347  -0.031751
 0.059609  -0.020170
-0.363179  -0.301371
-0.000931   0.002898
 0.005367  -0.003525
 0.217577   0.423558
 0.002968  -0.016324
 0.110330   0.125713
-0.787733  -0.491553
-0.003021   0.002089
 0.007035  -0.005973
 0.245548   0.421856
-0.016972  -0.047498
 0.107704   0.167807
-1.150276  -0.864070
-0.004719   0.002485
 0.008255  -0.003573
 0.270169   0.417759
-0.051364  -0.104524
 0.035174   0.037906
-1.278552  -1.048716
-0.005749   0.002368
 0.008182   0.001682
 0.290790   0.415339
-0.087231  -0.121621
-0.063158  -0.124999
-1.134730  -0.864051
-0.004973   0.001830
 0.008299   0.003963
 0.290980   0.417670
-0.084221  -0.080080
-0.092288  -0.140732
-0.763089  -0.490258
-0.003091   0.002804
 0.008534   0.001107
 0.278964   0.421735
-0.022698  -0.024868
-0.089756  -0.107185
-0.586094  -0.398726
-0.003247   0.001138
 0.007774  -0.001859
 0.273639   0.417117
 0.044941   0.027603
 0.084435   0.044499
-0.601839  -0.400203
-0.002797   0.002710
 0.006187  -0.005480
 0.228393   0.417248
 0.064403   0.087765
 0.097275   0.140617
-1.032752  -0.728510
-0.004610   0.002241
 0.007602  -0.006244
 0.254562   0.416302
 0.053534   0.085039
 0.046388   0.071433
-1.271057  -1.048695
-0.005934   0.000242
 0.007761  -0.002999
 0.277536   0.415316
 0.015699   0.019377
-0.049974  -0.109455
-1.274270  -1.048692
-0.006606  -0.002674
 0.007483   0.001214
 0.294145   0.415288
-0.020556  -0.031277
-0.123231  -0.194544
-1.017317  -0.726815
-0.005388  -0.002230
 0.007543   0.001534
 0.288993   0.416138
 0.023694   0.007632
-0.108159  -0.120844
-0.695260  -0.454706
-0.005549  -0.003677
 0.006910   0.000190
 0.280121   0.413751
 0.006359   0.015926
-0.046512  -0.020379
-0.287456  -0.319848
-0.003287   0.000479
 0.007258  -0.001922
 0.263270   0.412637
 0.083154   0.100846
 0.067324   0.066970
-0.703073  -0.454743
-0.004264   0.001670
 0.006890  -0.003326
 0.234078   0.413798
 0.112869   0.184077
 0.032925   0.070134
-1.025923  -0.726805
-0.005737  -0.000258
 0.007367  -0.002735
 0.257874   0.416139
 0.101169   0.169074
-0.041135  -0.042831
-1.140949  -0.864019
-0.006733  -0.004334
 0.007194  -0.000404
 0.277131   0.417648
 0.061224   0.077954
-0.119946  -0.146373
-1.027557  -0.728482
-0.007101  -0.006478
 0.006810   0.001131
 0.289729   0.416243
 0.055608   0.024782
-0.080247  -0.046095
-0.600233  -0.400173
-0.007401  -0.006071
 0.006419   0.000433
 0.278941   0.417208
-0.039679  -0.025587
 0.014112  -0.003583
-0.307525  -0.319820
-0.000261  -0.001874
 0.008666   0.000567
 0.256869   0.412626
-0.036531   0.009647
 0.014192   0.023924
-0.286113  -0.319836
-0.000196   0.001398
 0.010125   0.001314
 0.256382   0.412612
 0.083601   0.105274
 0.028800   0.031989
-0.610939  -0.398705
-0.005374   0.001041
 0.007063   0.001856
 0.234491   0.417089
 0.104929   0.161942
-0.035617   0.001009
-0.789193  -0.490208
-0.006557  -0.002347
 0.007088   0.001869
 0.255179   0.421691
 0.100983   0.117125
-0.080334  -0.048662
-0.788342  -0.491506
-0.007283  -0.006138
 0.006794   0.001221
 0.270278   0.421750
-0.017047  -0.001561
 0.047890   0.037710
-0.363579  -0.301377
-0.000692  -0.004490
 0.006902  -0.000644
 0.240841   0.423587
-0.059047  -0.080386
 0.064070   0.075230
-0.628550  -0.398707
-0.002445  -0.002161
 0.008191   0.000020
 0.263632   0.417140
-0.090870  -0.108541
 0.039802   0.053855
-0.717204  -0.454689
-0.002741   0.001948
 0.009344   0.003114
 0.272864   0.413759
-0.082527  -0.052324
-0.002769   0.001627
-0.596770  -0.400163
-0.001673   0.003419
 0.009858   0.005077
 0.269311   0.417161
-0.038010   0.033394
-0.021541  -0.017422
-0.303355  -0.301376
 0.000311   0.001633
 0.010402   0.004287
 0.258648   0.423530
 0.059992   0.055383
-0.040086  -0.002859
-0.394812  -0.259896
-0.007242  -0.002145
 0.007094   0.001647
 0.247233   0.426558
 0.071267   0.152497
-0.054293  -0.129117
 4.622598   4.854736
 0.001942  -0.000392
 0.003954   0.008121
-4.624433  -4.585445
 0.092439   0.218663
 0.008955  -0.016916
 4.600381   4.848579
-0.000354  -0.001977
 0.001769   0.003433
-4.619852  -4.587343
 0.072862   0.158320
 0.054332   0.054547
 4.474181   4.628737
-0.002516  -0.003072
 0.001152  -0.001232
-4.611342  -4.596785
 0.035271   0.035686
 0.013670  -0.018843
 4.287815   4.469154
-0.004254  -0.002092
-0.000843  -0.000653
-4.601099  -4.602418
 0.013138  -0.031930
-0.080792  -0.164276
 4.494150   4.628811
 0.006752   0.000475
 0.009248   0.003394
-4.603717  -4.596888
 0.020760   0.012233
-0.081132  -0.200594
 4.690098   4.988329
 0.003689   0.001711
 0.004722   0.005919
-4.614669  -4.583603
 0.049839   0.120113
-0.015327  -0.051295
 4.790498   5.174505
 0.000756  -0.001459
 0.001623   0.003752
-4.624454  -4.576810
 0.071913   0.167573
 0.065282   0.110900
 4.678264   4.988336
-0.001708  -0.006032
 0.003057  -0.001470
-4.618812  -4.583572
 0.064971   0.094460
 0.069001   0.089633
 4.466665   4.648587
-0.003561  -0.006209
 0.002609  -0.003521
-4.609388  -4.593871
-0.015019  -0.036240
-0.054828  -0.076264
 4.397789   4.560368
 0.008930  -0.001437
 0.011149  -0.001902
-4.592617  -4.595967
-0.036592  -0.124092
-0.076073  -0.181093
 4.614863   4.848598
 0.005862   0.003851
 0.006260  -0.000215
-4.603603  -4.587415
-0.032735  -0.104515
-0.033198  -0.078522
 4.793142   5.174470
 0.002956   0.003945
 0.002284  -0.000778
-4.613725  -4.576784
-0.005374  -0.015720
 0.061242   0.129715
 4.799847   5.174512
-0.000190  -0.002612
 0.003237  -0.003099
-4.623243  -4.576804
 0.018575   0.035552
 0.102646   0.196639
 4.592202   4.854669
-0.002276  -0.006852
 0.004773  -0.004380
-4.616273  -4.585374
 0.027704  -0.003843
 0.060357   0.065775
 4.375627   4.564122
-0.003735  -0.004118
 0.003837  -0.003356
-4.606068  -4.591470
-0.044034  -0.104269
-0.045495  -0.078914
 4.459738   4.600811
 0.008467   0.002663
 0.008465  -0.002867
-4.591778  -4.590478
-0.079642  -0.188148
-0.021154  -0.067544
 4.620176   4.854712
 0.005647   0.007140
 0.003693  -0.003756
-4.601848  -4.585407
-0.072901  -0.179790
 0.038789   0.089644
 4.691471   4.988338
 0.002510   0.004324
 0.004165  -0.004503
-4.611808  -4.583542
-0.037188  -0.094775
 0.095218   0.197948
 4.617798   4.848606
-0.000237  -0.002087
 0.005222  -0.003307
-4.620223  -4.587363
 0.002660  -0.016079
 0.086898   0.129784
 4.432639   4.600889
-0.001935  -0.003684
 0.006783  -0.000850
-4.612587  -4.590552
 0.019630  -0.000085
 0.028180  -0.000000
 4.286344   4.494640
 0.002918  -0.000073
 0.006606  -0.000003
-4.618731  -4.590918
-0.042848  -0.054949
-0.028497  -0.036202
 4.418138   4.564136
 0.008715   0.005054
 0.006106  -0.001882
-4.589586  -4.591461
-0.061318  -0.124900
 0.014626   0.036941
 4.513870   4.648629
 0.005701   0.006122
 0.005741  -0.003678
-4.599515  -4.593894
-0.052661  -0.126270
 0.057731   0.109844
 4.502978   4.628781
 0.002987   0.002723
 0.006321  -0.002037
-4.608404  -4.596825
-0.003826  -0.047812
 0.062141   0.069621
 4.424967   4.560400
 0.000676  -0.000808
 0.007399   0.002306
-4.615952  -4.595991
 0.042331   0.058817
-0.016417  -0.029534
 4.440673   4.564162
 0.003503  -0.000903
 0.007588   0.005297
-4.622841  -4.591511
 0.062124   0.120379
-0.009298  -0.050868
 4.455255   4.600892
 0.001180   0.001051
 0.003983   0.003716
-4.620028  -4.590541
 0.051356   0.084167
 0.027664   0.006583
 4.390568   4.560336
-0.000772   0.002350
-0.000417  -0.000469
-4.611734  -4.595915
-0.010883  -0.001437
 0.019339   0.040269
 4.330166   4.469158
 0.001440   0.001723
 0.009660  -0.001536
-4.599118  -4.602434
-0.007027  -0.034050
-0.033518  -0.021357
 4.334613   4.469170
 0.008090   0.000571
 0.012571   0.002276
-4.602375  -4.602454
 0.032644   0.030391
-0.062221  -0.126585
 4.509365   4.648603
 0.004955   0.000072
 0.008045   0.007206
-4.613907  -4.593924
