  2172676
  2173413
  2174150
  2174887
  2175624
  2172677
  2173414
  2174151
  2174888
  2175625
  2172678
  2173415
  2174152
  2174889
  2175626
  2172679
  2173416
  2174153
  2174890
  2175627
  2172680
  2173417
  2174154
  2174891
  2175628
  2176366
  2177103
  2177840
  2178577
  2179314
  2176367
  2177104
  2177841
  2178578
  2179315
  2176368
  2177105
  2177842
  2178579
  2179316
  2176369
  2177106
  2177843
  2178580
  2179317
  2176370
  2177107
  2177844
  2178581
  2179318
  2180056
  2180793
  2181530
  2182267
  2183004
  2180057
  2180794
  2181531
  2182268
  2183005
  2180058
  2180795
  2181532
  2182269
  2183006
  2180059
  2180796
  2181533
  2182270
  2183007
  2180060
  2180797
  2181534
  2182271
  2183008
  2183746
  2184483
  2185220
  2185957
  2186694
  2183747
  2184484
  2185221
  2185958
  2186695
  2183748
  2184485
  2185222
  2185959
  2186696
  2183749
  2184486
  2185223
  2185960
  2186697
  2183750
  2184487
  2185224
  2185961
  2186698
  2187436
  2188173
  2188910
  2189647
  2190384
  2187437
  2188174
  2188911
  2189648
  2190385
  2187438
  2188175
  2188912
  2189649
  2190386
  2187439
  2188176
  2188913
  2189650
  2190387
  2187440
  2188177
  2188914
  2189651
  2190388
  2191126
  2191863
  2192600
  2193337
  2194074
  2191127
  2191864
  2192601
  2193338
  2194075
  2191128
  2191865
  2192602
  2193339
  2194076
  2191129
  2191866
  2192603
  2193340
  2194077
  2191130
  2191867
  2192604
  2193341
  2194078
  2194816
  2195553
  2196290
  2197027
  2197764
  2194817
  2195554
  2196291
  2197028
  2197765
  2194818
  2195555
  2196292
  2197029
  2197766
  2194819
  2195556
  2196293
  2197030
  2197767
  2194820
  2195557
  2196294
  2197031
  2197768
  2198506
  2199243
  2199980
  2200717
  2201454
  2198507
  2199244
  2199981
  2200718
  2201455
  2198508
  2199245
  2199982
  2200719
  2201456
  2198509
  2199246
  2199983
  2200720
  2201457
  2198510
  2199247
  2199984
  2200721
  2201458
  2202196
  2202933
  2203670
  2204407
  2205144
  2202197
  2202934
  2203671
  2204408
  2205145
  2202198
  2202935
  2203672
  2204409
  2205146
  2202199
  2202936
  2203673
  2204410
  2205147
  2202200
  2202937
  2203674
  2204411
  2205148
  2205886
  2206623
  2207360
  2208097
  2208834
  2205887
  2206624
  2207361
  2208098
  2208835
  2205888
  2206625
  2207362
  2208099
  2208836
  2205889
  2206626
  2207363
  2208100
  2208837
  2205890
  2206627
  2207364
  2208101
  2208838
  2209576
  2210313
  2211050
  2211787
  2212524
  2209577
  2210314
  2211051
  2211788
  2212525
  2209578
  2210315
  2211052
  2211789
  2212526
  2209579
  2210316
  2211053
  2211790
  2212527
  2209580
  2210317
  2211054
  2211791
  2212528
  2213266
  2214003
  2214740
  2215477
  2216214
  2213267
  2214004
  2214741
  2215478
  2216215
  2213268
  2214005
  2214742
  2215479
  2216216
  2213269
  2214006
  2214743
  2215480
  2216217
  2213270
  2214007
  2214744
  2215481
  2216218
  2216956
  2217693
  2218430
  2219167
  2219904
  2216957
  2217694
  2218431
  2219168
  2219905
  2216958
  2217695
  2218432
  2219169
  2219906
  2216959
  2217696
  2218433
  2219170
  2219907
  2216960
  2217697
  2218434
  2219171
  2219908
  2220646
  2221383
  2222120
  2222857
  2223594
  2220647
  2221384
  2222121
  2222858
  2223595
  2220648
  2221385
  2222122
  2222859
  2223596
  2220649
  2221386
  2222123
  2222860
  2223597
  2220650
  2221387
  2222124
  2222861
  2223598
  2224336
  2225073
  2225810
  2226547
  2227284
  2224337
  2225074
  2225811
  2226548
  2227285
  2224338
  2225075
  2225812
  2226549
  2227286
  2224339
  2225076
  2225813
  2226550
  2227287
  2224340
  2225077
  2225814
  2226551
  2227288
  2228026
  2228763
  2229500
  2230237
  2230974
  2228027
  2228764
  2229501
  2230238
  2230975
  2228028
  2228765
  2229502
  2230239
  2230976
  2228029
  2228766
  2229503
  2230240
  2230977
  2228030
  2228767
  2229504
  2230241
  2230978
  2231716
  2232453
  2233190
  2233927
  2234664
  2231717
  2232454
  2233191
  2233928
  2234665
  2231718
  2232455
  2233192
  2233929
  2234666
  2231719
  2232456
  2233193
  2233930
  2234667
  2231720
  2232457
  2233194
  2233931
  2234668
  2235406
  2236143
  2236880
  2237617
  2238354
  2235407
  2236144
  2236881
  2237618
  2238355
  2235408
  2236145
  2236882
  2237619
  2238356
  2235409
  2236146
  2236883
  2237620
  2238357
  2235410
  2236147
  2236884
  2237621
  2238358
  2239096
  2239833
  2240570
  2241307
  2242044
  2239097
  2239834
  2240571
  2241308
  2242045
  2239098
  2239835
  2240572
  2241309
  2242046
  2239099
  2239836
  2240573
  2241310
  2242047
  2239100
  2239837
  2240574
  2241311
  2242048
  2242786
  2243523
  2244260
  2244997
  2245734
  2242787
  2243524
  2244261
  2244998
  2245735
  2242788
  2243525
  2244262
  2244999
  2245736
  2242789
  2243526
  2244263
  2245000
  2245737
  2242790
  2243527
  2244264
  2245001
  2245738
  2246476
  2247213
  2247950
  2248687
  2249424
  2246477
  2247214
  2247951
  2248688
  2249425
  2246478
  2247215
  2247952
  2248689
  2249426
  2246479
  2247216
  2247953
  2248690
  2249427
  2246480
  2247217
  2247954
  2248691
  2249428
  2250166
  2250903
  2251640
  2252377
  2253114
  2250167
  2250904
  2251641
  2252378
  2253115
  2250168
  2250905
  2251642
  2252379
  2253116
  2250169
  2250906
  2251643
  2252380
  2253117
  2250170
  2250907
  2251644
  2252381
  2253118
  2253856
  2254593
  2255330
  2256067
  2256804
  2253857
  2254594
  2255331
  2256068
  2256805
  2253858
  2254595
  2255332
  2256069
  2256806
  2253859
  2254596
  2255333
  2256070
  2256807
  2253860
  2254597
  2255334
  2256071
  2256808
  2257546
  2258283
  2259020
  2259757
  2260494
  2257547
  2258284
  2259021
  2259758
  2260495
  2257548
  2258285
  2259022
  2259759
  2260496
  2257549
  2258286
  2259023
  2259760
  2260497
  2257550
  2258287
  2259024
  2259761
  2260498
  2261236
  2261973
  2262710
  2263447
  2264184
  2261237
  2261974
  2262711
  2263448
  2264185
  2261238
  2261975
  2262712
  2263449
  2264186
  2261239
  2261976
  2262713
  2263450
  2264187
  2261240
  2261977
  2262714
  2263451
  2264188
  2264926
  2265663
  2266400
  2267137
  2267874
  2264927
  2265664
  2266401
  2267138
  2267875
  2264928
  2265665
  2266402
  2267139
  2267876
  2264929
  2265666
  2266403
  2267140
  2267877
  2264930
  2265667
  2266404
  2267141
  2267878
  2268616
  2269353
  2270090
  2270827
  2271564
  2268617
  2269354
  2270091
  2270828
  2271565
  2268618
  2269355
  2270092
  2270829
  2271566
  2268619
  2269356
  2270093
  2270830
  2271567
  2268620
  2269357
  2270094
  2270831
  2271568
  2272306
  2273043
  2273780
  2274517
  2275254
  2272307
  2273044
  2273781
  2274518
  2275255
  2272308
  2273045
  2273782
  2274519
  2275256
  2272309
  2273046
  2273783
  2274520
  2275257
  2272310
  2273047
  2273784
  2274521
  2275258
  2275996
  2276733
  2277470
  2278207
  2278944
  2275997
  2276734
  2277471
  2278208
  2278945
  2275998
  2276735
  2277472
  2278209
  2278946
  2275999
  2276736
  2277473
  2278210
  2278947
  2276000
  2276737
  2277474
  2278211
  2278948
  2279686
  2280423
  2281160
  2281897
  2282634
  2279687
  2280424
  2281161
  2281898
  2282635
  2279688
  2280425
  2281162
  2281899
  2282636
  2279689
  2280426
  2281163
  2281900
  2282637
  2279690
  2280427
  2281164
  2281901
  2282638
  2283376
  2284113
  2284850
  2285587
  2286324
  2283377
  2284114
  2284851
  2285588
  2286325
  2283378
  2284115
  2284852
  2285589
  2286326
  2283379
  2284116
  2284853
  2285590
  2286327
  2283380
  2284117
  2284854
  2285591
  2286328
  2287066
  2287803
  2288540
  2289277
  2290014
  2287067
  2287804
  2288541
  2289278
  2290015
  2287068
  2287805
  2288542
  2289279
  2290016
  2287069
  2287806
  2288543
  2289280
  2290017
  2287070
  2287807
  2288544
  2289281
  2290018
  2290756
  2291493
  2292230
  2292967
  2293704
  2290757
  2291494
  2292231
  2292968
  2293705
  2290758
  2291495
  2292232
  2292969
  2293706
  2290759
  2291496
  2292233
  2292970
  2293707
  2290760
  2291497
  2292234
  2292971
  2293708
  2294446
  2295183
  2295920
  2296657
  2297394
  2294447
  2295184
  2295921
  2296658
  2297395
  2294448
  2295185
  2295922
  2296659
  2297396
  2294449
  2295186
  2295923
  2296660
  2297397
  2294450
  2295187
  2295924
  2296661
  2297398
  2298136
  2298873
  2299610
  2300347
  2301084
  2298137
  2298874
  2299611
  2300348
  2301085
  2298138
  2298875
  2299612
  2300349
  2301086
  2298139
  2298876
  2299613
  2300350
  2301087
  2298140
  2298877
  2299614
  2300351
  2301088
  2301826
  2302563
  2303300
  2304037
  2304774
  2301827
  2302564
  2303301
  2304038
  2304775
  2301828
  2302565
  2303302
  2304039
  2304776
  2301829
  2302566
  2303303
  2304040
  2304777
  2301830
  2302567
  2303304
  2304041
  2304778
  2305516
  2306253
  2306990
  2307727
  2308464
  2305517
  2306254
  2306991
  2307728
  2308465
  2305518
  2306255
  2306992
  2307729
  2308466
  2305519
  2306256
  2306993
  2307730
  2308467
  2305520
  2306257
  2306994
  2307731
  2308468
  2309206
  2309943
  2310680
  2311417
  2312154
  2309207
  2309944
  2310681
  2311418
  2312155
  2309208
  2309945
  2310682
  2311419
  2312156
  2309209
  2309946
  2310683
  2311420
  2312157
  2309210
  2309947
  2310684
  2311421
  2312158
  2312896
  2313633
  2314370
  2315107
  2315844
  2312897
  2313634
  2314371
  2315108
  2315845
  2312898
  2313635
  2314372
  2315109
  2315846
  2312899
  2313636
  2314373
  2315110
  2315847
  2312900
  2313637
  2314374
  2315111
  2315848
  2316586
  2317323
  2318060
  2318797
  2319534
  2316587
  2317324
  2318061
  2318798
  2319535
  2316588
  2317325
  2318062
  2318799
  2319536
  2316589
  2317326
  2318063
  2318800
  2319537
  2316590
  2317327
  2318064
  2318801
  2319538
  2320276
  2321013
  2321750
  2322487
  2323224
  2320277
  2321014
  2321751
  2322488
  2323225
  2320278
  2321015
  2321752
  2322489
  2323226
  2320279
  2321016
  2321753
  2322490
  2323227
  2320280
  2321017
  2321754
  2322491
  2323228
  2323966
  2324703
  2325440
  2326177
  2326914
  2323967
  2324704
  2325441
  2326178
  2326915
  2323968
  2324705
  2325442
  2326179
  2326916
  2323969
  2324706
  2325443
  2326180
  2326917
  2323970
  2324707
  2325444
  2326181
  2326918
  2327656
  2328393
  2329130
  2329867
  2330604
  2327657
  2328394
  2329131
  2329868
  2330605
  2327658
  2328395
  2329132
  2329869
  2330606
  2327659
  2328396
  2329133
  2329870
  2330607
  2327660
  2328397
  2329134
  2329871
  2330608
  2331346
  2332083
  2332820
  2333557
  2334294
  2331347
  2332084
  2332821
  2333558
  2334295
  2331348
  2332085
  2332822
  2333559
  2334296
  2331349
  2332086
  2332823
  2333560
  2334297
  2331350
  2332087
  2332824
  2333561
  2334298
  2335036
  2335773
  2336510
  2337247
  2337984
  2335037
  2335774
  2336511
  2337248
  2337985
  2335038
  2335775
  2336512
  2337249
  2337986
  2335039
  2335776
  2336513
  2337250
  2337987
  2335040
  2335777
  2336514
  2337251
  2337988
  2338726
  2339463
  2340200
  2340937
  2341674
  2338727
  2339464
  2340201
  2340938
  2341675
  2338728
  2339465
  2340202
  2340939
  2341676
  2338729
  2339466
  2340203
  2340940
  2341677
  2338730
  2339467
  2340204
  2340941
  2341678
  2342416
  2343153
  2343890
  2344627
  2345364
  2342417
  2343154
  2343891
  2344628
  2345365
  2342418
  2343155
  2343892
  2344629
  2345366
  2342419
  2343156
  2343893
  2344630
  2345367
  2342420
  2343157
  2343894
  2344631
  2345368
  2346106
  2346843
  2347580
  2348317
  2349054
  2346107
  2346844
  2347581
  2348318
  2349055
  2346108
  2346845
  2347582
  2348319
  2349056
  2346109
  2346846
  2347583
  2348320
  2349057
  2346110
  2346847
  2347584
  2348321
  2349058
  2349796
  2350533
  2351270
  2352007
  2352744
  2349797
  2350534
  2351271
  2352008
  2352745
  2349798
  2350535
  2351272
  2352009
  2352746
  2349799
  2350536
  2351273
  2352010
  2352747
  2349800
  2350537
  2351274
  2352011
  2352748
  2353486
  2354223
  2354960
  2355697
  2356434
  2353487
  2354224
  2354961
  2355698
  2356435
  2353488
  2354225
  2354962
  2355699
  2356436
  2353489
  2354226
  2354963
  2355700
  2356437
  2353490
  2354227
  2354964
  2355701
  2356438
  2357176
  2357913
  2358650
  2359387
  2360124
  2357177
  2357914
  2358651
  2359388
  2360125
  2357178
  2357915
  2358652
  2359389
  2360126
  2357179
  2357916
  2358653
  2359390
  2360127
  2357180
  2357917
  2358654
  2359391
  2360128
  2360866
  2361603
  2362340
  2363077
  2363814
  2360867
  2361604
  2362341
  2363078
  2363815
  2360868
  2361605
  2362342
  2363079
  2363816
  2360869
  2361606
  2362343
  2363080
  2363817
  2360870
  2361607
  2362344
  2363081
  2363818
  2364556
  2365293
  2366030
  2366767
  2367504
  2364557
  2365294
  2366031
  2366768
  2367505
  2364558
  2365295
  2366032
  2366769
  2367506
  2364559
  2365296
  2366033
  2366770
  2367507
  2364560
  2365297
  2366034
  2366771
  2367508
  2368246
  2368983
  2369720
  2370457
  2371194
  2368247
  2368984
  2369721
  2370458
  2371195
  2368248
  2368985
  2369722
  2370459
  2371196
  2368249
  2368986
  2369723
  2370460
  2371197
  2368250
  2368987
  2369724
  2370461
  2371198
  2371936
  2372673
  2373410
  2374147
  2374884
  2371937
  2372674
  2373411
  2374148
  2374885
  2371938
  2372675
  2373412
  2374149
  2374886
  2371939
  2372676
  2373413
  2374150
  2374887
  2371940
  2372677
  2373414
  2374151
  2374888
  2375626
  2376363
  2377100
  2377837
  2378574
  2375627
  2376364
  2377101
  2377838
  2378575
  2375628
  2376365
  2377102
  2377839
  2378576
  2375629
  2376366
  2377103
  2377840
  2378577
  2375630
  2376367
  2377104
  2377841
  2378578
  2379316
  2380053
  2380790
  2381527
  2382264
  2379317
  2380054
  2380791
  2381528
  2382265
  2379318
  2380055
  2380792
  2381529
  2382266
  2379319
  2380056
  2380793
  2381530
  2382267
  2379320
  2380057
  2380794
  2381531
  2382268
  2383006
  2383743
  2384480
  2385217
  2385954
  2383007
  2383744
  2384481
  2385218
  2385955
  2383008
  2383745
  2384482
  2385219
  2385956
  2383009
  2383746
  2384483
  2385220
  2385957
  2383010
  2383747
  2384484
  2385221
  2385958
  2386696
  2387433
  2388170
  2388907
  2389644
  2386697
  2387434
  2388171
  2388908
  2389645
  2386698
  2387435
  2388172
  2388909
  2389646
  2386699
  2387436
  2388173
  2388910
  2389647
  2386700
  2387437
  2388174
  2388911
  2389648
  2390386
  2391123
  2391860
  2392597
  2393334
  2390387
  2391124
  2391861
  2392598
  2393335
  2390388
  2391125
  2391862
  2392599
  2393336
  2390389
  2391126
  2391863
  2392600
  2393337
  2390390
  2391127
  2391864
  2392601
  2393338
  2394076
  2394813
  2395550
  2396287
  2397024
  2394077
  2394814
  2395551
  2396288
  2397025
  2394078
  2394815
  2395552
  2396289
  2397026
  2394079
  2394816
  2395553
  2396290
  2397027
  2394080
  2394817
  2395554
  2396291
  2397028
  2397766
  2398503
  2399240
  2399977
  2400714
  2397767
  2398504
  2399241
  2399978
  2400715
  2397768
  2398505
  2399242
  2399979
  2400716
  2397769
  2398506
  2399243
  2399980
  2400717
  2397770
  2398507
  2399244
  2399981
  2400718
  2401456
  2402193
  2402930
  2403667
  2404404
  2401457
  2402194
  2402931
  2403668
  2404405
  2401458
  2402195
  2402932
  2403669
  2404406
  2401459
  2402196
  2402933
  2403670
  2404407
  2401460
  2402197
  2402934
  2403671
  2404408
  2405146
  2405883
  2406620
  2407357
  2408094
  2405147
  2405884
  2406621
  2407358
  2408095
  2405148
  2405885
  2406622
  2407359
  2408096
  2405149
  2405886
  2406623
  2407360
  2408097
  2405150
  2405887
  2406624
  2407361
  2408098
  2408836
  2409573
  2410310
  2411047
  2411784
  2408837
  2409574
  2410311
  2411048
  2411785
  2408838
  2409575
  2410312
  2411049
  2411786
  2408839
  2409576
  2410313
  2411050
  2411787
  2408840
  2409577
  2410314
  2411051
  2411788
  2412526
  2413263
  2414000
  2414737
  2415474
  2412527
  2413264
  2414001
  2414738
  2415475
  2412528
  2413265
  2414002
  2414739
  2415476
  2412529
  2413266
  2414003
  2414740
  2415477
  2412530
  2413267
  2414004
  2414741
  2415478
  2416216
  2416953
  2417690
  2418427
  2419164
  2416217
  2416954
  2417691
  2418428
  2419165
  2416218
  2416955
  2417692
  2418429
  2419166
  2416219
  2416956
  2417693
  2418430
  2419167
  2416220
  2416957
  2417694
  2418431
  2419168
