-1.063123
-0.070343
-0.071678
-0.000295
-0.002587
-0.070343
-1.061415
-0.071618
-0.001441
-0.000615
-0.071678
-0.071618
-1.061717
-0.000902
 0.004111
-0.000295
-0.001441
-0.000902
 0.025404
-0.000045
-0.002587
-0.000615
 0.004111
-0.000045
 0.028016
-1.062867
-0.070391
-0.072608
 0.001890
-0.000733
-0.070391
-1.062444
-0.071115
-0.001825
 0.001057
-0.072608
-0.071115
-1.060771
-0.001067
 0.000716
 0.001890
-0.001825
-0.001067
 0.036923
 0.003184
-0.000733
 0.001057
 0.000716
 0.003184
 0.022065
-1.062358
-0.071156
-0.072001
-0.001312
 0.001617
-0.071156
-1.063078
-0.072080
 0.001453
-0.002551
-0.072001
-0.072080
-1.060970
 0.001967
-0.000765
-0.001312
 0.001453
 0.001967
 0.028236
 0.002678
 0.001617
-0.002551
-0.000765
 0.002678
 0.023052
-1.062002
-0.071740
-0.070944
-0.001271
-0.000687
-0.071740
-1.062477
-0.073300
 0.005915
-0.001144
-0.070944
-0.073300
-1.062232
-0.000315
-0.000983
-0.001271
 0.005915
-0.000315
 0.028186
-0.002186
-0.000687
-0.001144
-0.000983
-0.002186
 0.024933
-1.062003
-0.071881
-0.070096
 0.002633
 0.000127
-0.071881
-1.061334
-0.073383
 0.001025
 0.000413
-0.070096
-0.073383
-1.063151
 0.000180
-0.003974
 0.002633
 0.001025
 0.000180
 0.036827
-0.005062
 0.000127
 0.000413
-0.003974
-0.005062
 0.020679
-1.062378
-0.071315
-0.070208
 0.000002
 0.000693
-0.071315
-1.060765
-0.072570
-0.002901
-0.003168
-0.070208
-0.072570
-1.062751
 0.002370
-0.000046
 0.000002
-0.002901
 0.002370
 0.025758
-0.003675
 0.000693
-0.003168
-0.000046
-0.003675
 0.026942
-1.064939
-0.071057
-0.072224
 0.001804
 0.000800
-0.071057
-1.061725
-0.071753
-0.003982
 0.000808
-0.072224
-0.071753
-1.062645
-0.001525
 0.000702
 0.001804
-0.003982
-0.001525
 0.030976
-0.002000
 0.000800
 0.000808
 0.000702
-0.002000
 0.022062
-1.065019
-0.070049
-0.073189
-0.001993
 0.001250
-0.070049
-1.062080
-0.071901
-0.004696
-0.002627
-0.073189
-0.071901
-1.062325
 0.000078
 0.001672
-0.001993
-0.004696
 0.000078
 0.022694
 0.003486
 0.001250
-0.002627
 0.001672
 0.003486
 0.024242
-1.063305
-0.069911
-0.073481
-0.003783
-0.001017
-0.069911
-1.061967
-0.071919
 0.001787
-0.000602
-0.073481
-0.071919
-1.061451
-0.003066
 0.001179
-0.003783
 0.001787
-0.003066
 0.025996
 0.005284
-0.001017
-0.000602
 0.001179
 0.005284
 0.026094
-1.061570
-0.071208
-0.072421
-0.001073
 0.001825
-0.071208
-1.061430
-0.072096
 0.003354
 0.001893
-0.072421
-0.072096
-1.060753
-0.002237
-0.005574
-0.001073
 0.003354
-0.002237
 0.040096
 0.002061
 0.001825
 0.001893
-0.005574
 0.002061
 0.024407
-1.061477
-0.072197
-0.071107
-0.003037
 0.005005
-0.072197
-1.060921
-0.072392
 0.002752
-0.001021
-0.071107
-0.072392
-1.061483
 0.001745
-0.004259
-0.003037
 0.002752
 0.001745
 0.027114
-0.002763
 0.005005
-0.001021
-0.004259
-0.002763
 0.029777
-1.063194
-0.071911
-0.071121
-0.001695
 0.001327
-0.071911
-1.061015
-0.072207
 0.002195
 0.000240
-0.071121
-0.072207
-1.062366
-0.000770
 0.001394
-0.001695
 0.002195
-0.000770
 0.023287
-0.005461
 0.001327
 0.000240
 0.001394
-0.005461
 0.029884
-1.065628
-0.072714
-0.072394
-0.000440
 0.004304
-0.072714
-1.063819
-0.071434
-0.002754
-0.001577
-0.072394
-0.071434
-1.063573
 0.001083
 0.002290
-0.000440
-0.002754
 0.001083
 0.015665
-0.003071
 0.004304
-0.001577
 0.002290
-0.003071
 0.025023
-1.066771
-0.071179
-0.073534
-0.000758
-0.000652
-0.071179
-1.063983
-0.072164
-0.002203
-0.001467
-0.073534
-0.072164
-1.064470
-0.002819
 0.004670
-0.000758
-0.002203
-0.002819
 0.015426
 0.000915
-0.000652
-0.001467
 0.004670
 0.000915
 0.022340
-1.065302
-0.070487
-0.073914
 0.000919
-0.000425
-0.070487
-1.063059
-0.072234
-0.003486
 0.000085
-0.073914
-0.072234
-1.064126
-0.003980
-0.001128
 0.000919
-0.003486
-0.003980
 0.028930
 0.005221
-0.000425
 0.000085
-0.001128
 0.005221
 0.019172
-1.062291
-0.070966
-0.073136
-0.003825
 0.002450
-0.070966
-1.062040
-0.071910
-0.000635
-0.001930
-0.073136
-0.071910
-1.062605
-0.001183
-0.003337
-0.003825
-0.000635
-0.001183
 0.022924
 0.005476
 0.002450
-0.001930
-0.003337
 0.005476
 0.028540
-1.060758
-0.072295
-0.072155
-0.004106
 0.001571
-0.072295
-1.061304
-0.071266
 0.005199
 0.001796
-0.072155
-0.071266
-1.061368
-0.002830
-0.001494
-0.004106
 0.005199
-0.002830
 0.023179
 0.000614
 0.001571
 0.001796
-0.001494
 0.000614
 0.035850
-1.062639
-0.073259
-0.071893
 0.001113
 0.003983
-0.073259
-1.062183
-0.070846
 0.001664
 0.003891
-0.071893
-0.070846
-1.061950
-0.001456
-0.001894
 0.001113
 0.001664
-0.001456
 0.029795
-0.003408
 0.003983
 0.003891
-0.001894
-0.003408
 0.027947
-1.064192
-0.073739
-0.072424
 0.000619
 0.001170
-0.073739
-1.065226
-0.070486
 0.002112
 0.001203
-0.072424
-0.070486
-1.063095
-0.000572
 0.005233
 0.000619
 0.002112
-0.000572
 0.014214
-0.002776
 0.001170
 0.001203
 0.005233
-0.002776
 0.028429
-1.066678
-0.073112
-0.072898
 0.004615
 0.000647
-0.073112
-1.066359
-0.071721
-0.002459
 0.000423
-0.072898
-0.071721
-1.065466
-0.001605
 0.002682
 0.004615
-0.002459
-0.001605
 0.020986
-0.001239
 0.000647
 0.000423
 0.002682
-0.001239
 0.015958
-1.066346
-0.071857
-0.072872
 0.001421
 0.000357
-0.071857
-1.065301
-0.072998
-0.004254
-0.004160
-0.072872
-0.072998
-1.066440
-0.000261
 0.001379
 0.001421
-0.004254
-0.000261
 0.013833
 0.002184
 0.000357
-0.004160
 0.001379
 0.002184
 0.017754
-1.063714
-0.071205
-0.072730
-0.000574
-0.002846
-0.071205
-1.063501
-0.072595
-0.000251
-0.002008
-0.072730
-0.072595
-1.065504
-0.003514
 0.000816
-0.000574
-0.000251
-0.003514
 0.017106
 0.003894
-0.002846
-0.002008
 0.000816
 0.003894
 0.025280
-1.061044
-0.072152
-0.072086
 0.001830
 0.000049
-0.072152
-1.062237
-0.071010
-0.000207
 0.002012
-0.072086
-0.071010
-1.062951
-0.002841
-0.003422
 0.001830
-0.000207
-0.002841
 0.029344
 0.002747
 0.000049
 0.002012
-0.003422
 0.002747
 0.028450
-1.061162
-0.073520
-0.071716
-0.000531
 0.003755
-0.073520
-1.063005
-0.070073
 0.000450
 0.000239
-0.071716
-0.070073
-1.061735
 0.001205
 0.000082
-0.000531
 0.000450
 0.001205
 0.018361
-0.000051
 0.003755
 0.000239
 0.000082
-0.000051
 0.034658
-1.062401
-0.073383
-0.071881
 0.004628
 0.000457
-0.073383
-1.064994
-0.069859
-0.000135
 0.002531
-0.071881
-0.069859
-1.062049
 0.000139
 0.002091
 0.004628
-0.000135
 0.000139
 0.027256
-0.000713
 0.000457
 0.002531
 0.002091
-0.000713
 0.025373
-1.064639
-0.073504
-0.071952
 0.002823
 0.001871
-0.073504
-1.066806
-0.071415
-0.000751
-0.002300
-0.071952
-0.071415
-1.064034
 0.002572
 0.003813
 0.002823
-0.000751
 0.002572
 0.016150
-0.001239
 0.001871
-0.002300
 0.003813
-0.001239
 0.020612
-1.065357
-0.072728
-0.071924
 0.002695
-0.002635
-0.072728
-1.066529
-0.073070
 0.001156
-0.002715
-0.071924
-0.073070
-1.066304
-0.000821
 0.004267
 0.002695
 0.001156
-0.000821
 0.015889
-0.001067
-0.002635
-0.002715
 0.004267
-0.001067
 0.017224
-1.064143
-0.072202
-0.071369
 0.005271
-0.002986
-0.072202
-1.064548
-0.073347
-0.001916
-0.001511
-0.071369
-0.073347
-1.066809
-0.001461
-0.001425
 0.005271
-0.001916
-0.001461
 0.026355
 0.000446
-0.002986
-0.001511
-0.001425
 0.000446
 0.015365
-1.061761
-0.071944
-0.070859
 0.001533
-0.000924
-0.071944
-1.062635
-0.072215
-0.002546
-0.003345
-0.070859
-0.072215
-1.064874
 0.001045
-0.000878
 0.001533
-0.002546
 0.001045
 0.020112
 0.001341
-0.000924
-0.003345
-0.000878
 0.001341
 0.027512
-1.060877
-0.072372
-0.071273
 0.001030
-0.002405
-0.072372
-1.062799
-0.070475
 0.001166
 0.000592
-0.071273
-0.070475
-1.062402
-0.000736
 0.003008
 0.001030
 0.001166
-0.000736
 0.020120
 0.000377
-0.002405
 0.000592
 0.003008
 0.000377
 0.033248
-1.061681
-0.071741
-0.071331
 0.001091
 0.000149
-0.071741
-1.062937
-0.070570
-0.002349
-0.001663
-0.071331
-0.070570
-1.061380
 0.002677
 0.003025
 0.001091
-0.002349
 0.002677
 0.024089
 0.001080
 0.000149
-0.001663
 0.003025
 0.001080
 0.029632
-1.062714
-0.071999
-0.071931
 0.001114
-0.001804
-0.071999
-1.064848
-0.071106
 0.002559
-0.000072
-0.071931
-0.071106
-1.061762
 0.000030
 0.005175
 0.001114
 0.002559
 0.000030
 0.023045
 0.000649
-0.001804
-0.000072
 0.005175
 0.000649
 0.024219
-1.063477
-0.072604
-0.071379
 0.004655
-0.000990
-0.072604
-1.065411
-0.072577
 0.001709
-0.000069
-0.071379
-0.072577
-1.063602
 0.000078
-0.000242
 0.004655
 0.001709
 0.000078
 0.032041
-0.000879
-0.000990
-0.000069
-0.000242
-0.000879
 0.014732
-1.063199
-0.072377
-0.070293
 0.002108
-0.000221
-0.072377
-1.064215
-0.073942
 0.000137
-0.004530
-0.070293
-0.073942
-1.065255
 0.002620
-0.001345
 0.002108
 0.000137
 0.002620
 0.023093
-0.002507
-0.000221
-0.004530
-0.001345
-0.002507
 0.018020
-1.062003
-0.071663
-0.070014
 0.001645
-0.003990
-0.071663
-1.062180
-0.073433
 0.000917
-0.002468
-0.070014
-0.073433
-1.064843
-0.000338
 0.000927
 0.001645
 0.000917
-0.000338
 0.024020
-0.002953
-0.003990
-0.002468
 0.000927
-0.002953
 0.025063
-1.061399
-0.071544
-0.070613
 0.004297
-0.002408
-0.071544
-1.061658
-0.071509
-0.002794
 0.000438
-0.070613
-0.071509
-1.062911
 0.000093
-0.000377
 0.004297
-0.002794
 0.000093
 0.033089
-0.000943
-0.002408
 0.000438
-0.000377
-0.000943
 0.025310
-1.139013
-0.040347
-0.039411
-0.003938
 0.000347
-0.040347
-1.141372
-0.040184
 0.000629
 0.000892
-0.039411
-0.040184
-1.141717
 0.001187
-0.001862
-0.003938
 0.000629
 0.001187
-0.280254
 0.000027
 0.000347
 0.000892
-0.001862
 0.000027
-0.283393
-1.136268
-0.040267
-0.039416
-0.002972
 0.000630
-0.040267
-1.137166
-0.040133
 0.001598
 0.001520
-0.039416
-0.040133
-1.137240
 0.000347
-0.002557
-0.002972
 0.001598
 0.000347
-0.276383
-0.000106
 0.000630
 0.001520
-0.002557
-0.000106
-0.277036
-1.137296
-0.039406
-0.040071
-0.002402
 0.000989
-0.039406
-1.136301
-0.040245
 0.002038
 0.002299
-0.040071
-0.040245
-1.137179
 0.000514
-0.002147
-0.002402
 0.002038
 0.000514
-0.276843
 0.000352
 0.000989
 0.002299
-0.002147
 0.000352
-0.276643
-1.142117
-0.038809
-0.040619
-0.002731
 0.000848
-0.038809
-1.140776
-0.040410
 0.001596
 0.002414
-0.040619
-0.040410
-1.142449
 0.001458
-0.001277
-0.002731
 0.001596
 0.001458
-0.282574
 0.000977
 0.000848
 0.002414
-0.001277
 0.000977
-0.283808
-1.145521
-0.039147
-0.040322
-0.003406
 0.000450
-0.039147
-1.145786
-0.040529
 0.000551
 0.001901
-0.040322
-0.040529
-1.147184
 0.002204
-0.001059
-0.003406
 0.000551
 0.002204
-0.287703
 0.000618
 0.000450
 0.001901
-0.001059
 0.000618
-0.290831
-1.144392
-0.039961
-0.039358
-0.003439
 0.000194
-0.039961
-1.146317
-0.040536
-0.000069
 0.001562
-0.039358
-0.040536
-1.146581
 0.001810
-0.001879
-0.003439
-0.000069
 0.001810
-0.287243
-0.000520
 0.000194
 0.001562
-0.001879
-0.000520
-0.290416
-1.140450
-0.040388
-0.038809
-0.002951
 0.000200
-0.040388
-1.142131
-0.040618
 0.000326
 0.001917
-0.038809
-0.040618
-1.141831
 0.000557
-0.002730
-0.002951
 0.000326
 0.000557
-0.282342
-0.001020
 0.000200
 0.001917
-0.002730
-0.001020
-0.283400
-1.138608
-0.040044
-0.039268
-0.002255
 0.000224
-0.040044
-1.137917
-0.040716
 0.001492
 0.002764
-0.039268
-0.040716
-1.138779
 0.000035
-0.002293
-0.002255
 0.001492
 0.000035
-0.279293
-0.000160
 0.000224
 0.002764
-0.002293
-0.000160
-0.278057
-1.141577
-0.039427
-0.040180
-0.002232
-0.000145
-0.039427
-1.138931
-0.040375
 0.002193
 0.003133
-0.040180
-0.040375
-1.141199
 0.000411
-0.001040
-0.002232
 0.002193
 0.000411
-0.282415
 0.001344
-0.000145
 0.003133
-0.001040
 0.001344
-0.280774
-1.146841
-0.039375
-0.040484
-0.002496
-0.000572
-0.039375
-1.144580
-0.039956
 0.001930
 0.002992
-0.040484
-0.039956
-1.146517
 0.001385
-0.000681
-0.002496
 0.001930
 0.001385
-0.289403
 0.001679
-0.000572
 0.002992
-0.000681
 0.001679
-0.288632
-1.148278
-0.039938
-0.039942
-0.002554
-0.000689
-0.039938
-1.148288
-0.039939
 0.000623
 0.002540
-0.039942
-0.039939
-1.148322
 0.001810
-0.001778
-0.002554
 0.000623
 0.001810
-0.292363
 0.000016
-0.000689
 0.002540
-0.001778
 0.000016
-0.292354
-1.145695
-0.040499
-0.039115
-0.001984
-0.000456
-0.040499
-1.147196
-0.040347
-0.000192
 0.002425
-0.039115
-0.040347
-1.145513
 0.001296
-0.003178
-0.001984
-0.000192
 0.001296
-0.289447
-0.001699
-0.000456
 0.002425
-0.003178
-0.001699
-0.288949
-1.142231
-0.040620
-0.039130
-0.001557
-0.000418
-0.040620
-1.142658
-0.040809
 0.000263
 0.002840
-0.039130
-0.040809
-1.141604
 0.000578
-0.003098
-0.001557
 0.000263
 0.000578
-0.284358
-0.001430
-0.000418
 0.002840
-0.003098
-0.001430
-0.282554
-1.141763
-0.040355
-0.039853
-0.001808
-0.000734
-0.040355
-1.139864
-0.040559
 0.001530
 0.003335
-0.039853
-0.040559
-1.141026
 0.000397
-0.001498
-0.001808
 0.001530
 0.000397
-0.282898
 0.000425
-0.000734
 0.003335
-0.001498
 0.000425
-0.280414
-1.144676
-0.040182
-0.040542
-0.002147
-0.001333
-0.040182
-1.141769
-0.039725
 0.002488
 0.003138
-0.040542
-0.039725
-1.143695
 0.000797
-0.000575
-0.002147
 0.002488
 0.000797
-0.286536
 0.001877
-0.001333
 0.003138
-0.000575
 0.001877
-0.283954
-1.147261
-0.040303
-0.040504
-0.002038
-0.001424
-0.040303
-1.145696
-0.039169
 0.002051
 0.002606
-0.040504
-0.039169
-1.145819
 0.001367
-0.001541
-0.002038
 0.002051
 0.001367
-0.290690
 0.001034
-0.001424
 0.002606
-0.001541
 0.001034
-0.288011
-1.146411
-0.040518
-0.039939
-0.001291
-0.000856
-0.040518
-1.146695
-0.039378
 0.000738
 0.002500
-0.039939
-0.039378
-1.144404
 0.001597
-0.003146
-0.001291
 0.000738
 0.001597
-0.290162
-0.001154
-0.000856
 0.002500
-0.003146
-0.001154
-0.287586
-1.143800
-0.040562
-0.039706
-0.000962
-0.000349
-0.040562
-1.144781
-0.040188
-0.000113
 0.002567
-0.039706
-0.040188
-1.141914
 0.001397
-0.003620
-0.000962
-0.000113
 0.001397
-0.286317
-0.002034
-0.000349
 0.002567
-0.003620
-0.002034
-0.284384
-1.141803
-0.040529
-0.040040
-0.001482
-0.000532
-0.040529
-1.141888
-0.040673
 0.000392
 0.002644
-0.040040
-0.040673
-1.140839
 0.001399
-0.002527
-0.001482
 0.000392
 0.001399
-0.282955
-0.000881
-0.000532
 0.002644
-0.002527
-0.000881
-0.281724
-1.141958
-0.040631
-0.040544
-0.002489
-0.001074
-0.040631
-1.141006
-0.040089
 0.001458
 0.002367
-0.040544
-0.040089
-1.141919
 0.001183
-0.001121
-0.002489
 0.001458
 0.001183
-0.282963
 0.000951
-0.001074
 0.002367
-0.001121
 0.000951
-0.282019
-1.142362
-0.040790
-0.040599
-0.002667
-0.001159
-0.040790
-1.141338
-0.039113
 0.002350
 0.002066
-0.040599
-0.039113
-1.141927
 0.001092
-0.001152
-0.002667
 0.002350
 0.001092
-0.284056
 0.001482
-0.001159
 0.002066
-0.001152
 0.001482
-0.282434
-1.142157
-0.040634
-0.040409
-0.001835
-0.000629
-0.040634
-1.141849
-0.038851
 0.002074
 0.001937
-0.040409
-0.038851
-1.140522
 0.001248
-0.002537
-0.001835
 0.002074
 0.001248
-0.284089
 0.000076
-0.000629
 0.001937
-0.002537
 0.000076
-0.281768
-1.141073
-0.040148
-0.040317
-0.001071
 0.000119
-0.040148
-1.141474
-0.039445
 0.001027
 0.001946
-0.040317
-0.039445
-1.138738
 0.001674
-0.003572
-0.001071
 0.001027
 0.001674
-0.282275
-0.001398
 0.000119
 0.001946
-0.003572
-0.001398
-0.280722
-1.140920
-0.039855
-0.040566
-0.001577
 0.000364
-0.039855
-1.141686
-0.040360
 0.000187
 0.001895
-0.040566
-0.040360
-1.139767
 0.002059
-0.003039
-0.001577
 0.000187
 0.002059
-0.281359
-0.001282
 0.000364
 0.001895
-0.003039
-0.001282
-0.281847
-1.140878
-0.040085
-0.040642
-0.002912
 0.000109
-0.040085
-1.141834
-0.040539
 0.000262
 0.001604
-0.040642
-0.040539
-1.141897
 0.002087
-0.001576
-0.002912
 0.000262
 0.002087
-0.281370
-0.000082
 0.000109
 0.001604
-0.001576
-0.000082
-0.283464
-1.139880
-0.040579
-0.040333
-0.003560
-0.000301
-0.040579
-1.141041
-0.039907
 0.001158
 0.001158
-0.040333
-0.039907
-1.141764
 0.001584
-0.001124
-0.003560
 0.001158
 0.001584
-0.280792
 0.000868
-0.000301
 0.001158
-0.001124
 0.000868
-0.282703
-1.137824
-0.040681
-0.040045
-0.003153
-0.000114
-0.040681
-1.138733
-0.039291
 0.001935
 0.001123
-0.040045
-0.039291
-1.138551
 0.000900
-0.002089
-0.003153
 0.001935
 0.000900
-0.278536
 0.000599
-0.000114
 0.001123
-0.002089
 0.000599
-0.278837
-1.136958
-0.040093
-0.040226
-0.002166
 0.000626
-0.040093
-1.137076
-0.039412
 0.002036
 0.001597
-0.040226
-0.039412
-1.136072
 0.000940
-0.002928
-0.002166
 0.002036
 0.000940
-0.276836
-0.000256
 0.000626
 0.001597
-0.002928
-0.000256
-0.276281
-1.138749
-0.039313
-0.040703
-0.002028
 0.001129
-0.039313
-1.138604
-0.040081
 0.001264
 0.001825
-0.040703
-0.040081
-1.137908
 0.001597
-0.002619
-0.002028
 0.001264
 0.001597
-0.278241
-0.000456
 0.001129
 0.001825
-0.002619
-0.000456
-0.279119
-1.141620
-0.039122
-0.040759
-0.002868
 0.001037
-0.039122
-1.142212
-0.040631
 0.000492
 0.001562
-0.040759
-0.040631
-1.142613
 0.002377
-0.001685
-0.002868
 0.000492
 0.002377
-0.281879
-0.000046
 0.001037
 0.001562
-0.001685
-0.000046
-0.285153
-1.141712
-0.039681
-0.040181
-0.003987
 0.000564
-0.039681
-1.143651
-0.040549
 0.000093
 0.000953
-0.040181
-0.040549
-1.144629
 0.002183
-0.001235
-0.003987
 0.000093
 0.002183
-0.283018
 0.000185
 0.000564
 0.000953
-0.001235
 0.000185
-0.287502
