  2172676	-1.075393 -1.063123 
  2173413	-0.071205 -0.070343 
  2174150	-0.070591 -0.071678 
  2174887	-0.001750 -0.000295 
  2175624	 0.000241 -0.002587 
  2172677	-0.071111 -0.070343 
  2173414	-1.076385 -1.061415 
  2174151	-0.070573 -0.071618 
  2174888	 0.000956 -0.001441 
  2175625	 0.001154 -0.000615 
  2172678	-0.070526 -0.071678 
  2173415	-0.070544 -0.071618 
  2174152	-1.075799 -1.061717 
  2174889	 0.001398 -0.000902 
  2175626	-0.001586  0.004111 
  2172679	-0.001868 -0.000295 
  2173416	 0.000981 -0.001441 
  2174153	 0.001383 -0.000902 
  2174890	 0.015057  0.025404 
  2175627	-0.001204 -0.000045 
  2172680	 0.000175 -0.002587 
  2173417	 0.001209 -0.000615 
  2174154	-0.001504  0.004111 
  2174891	-0.001256 -0.000045 
  2175628	 0.014256  0.028016 
  2176366	-1.075393 -1.062867 
  2177103	-0.071205 -0.070391 
  2177840	-0.070591 -0.072608 
  2178577	-0.001750  0.001890 
  2179314	 0.000241 -0.000733 
  2176367	-0.071111 -0.070391 
  2177104	-1.076385 -1.062444 
  2177841	-0.070573 -0.071115 
  2178578	 0.000956 -0.001825 
  2179315	 0.001154  0.001057 
  2176368	-0.070526 -0.072608 
  2177105	-0.070544 -0.071115 
  2177842	-1.075799 -1.060771 
  2178579	 0.001398 -0.001067 
  2179316	-0.001586  0.000716 
  2176369	-0.001868  0.001890 
  2177106	 0.000981 -0.001825 
  2177843	 0.001383 -0.001067 
  2178580	 0.015057  0.036923 
  2179317	-0.001204  0.003184 
  2176370	 0.000175 -0.000733 
  2177107	 0.001209  0.001057 
  2177844	-0.001504  0.000716 
  2178581	-0.001256  0.003184 
  2179318	 0.014256  0.022065 
  2180056	-1.141841 -1.062358 
  2180793	-0.068530 -0.071156 
  2181530	-0.067953 -0.072001 
  2182267	-0.001712 -0.001312 
  2183004	 0.000203  0.001617 
  2180057	-0.068456 -0.071156 
  2180794	-1.142742 -1.063078 
  2181531	-0.067941 -0.072080 
  2182268	 0.000941  0.001453 
  2183005	 0.001160 -0.002551 
  2180058	-0.067902 -0.072001 
  2180795	-0.067918 -0.072080 
  2181532	-1.142221 -1.060970 
  2182269	 0.001335  0.001967 
  2183006	-0.001542 -0.000765 
  2180059	-0.001804 -0.001312 
  2180796	 0.000960  0.001453 
  2181533	 0.001323  0.001967 
  2182270	-0.071190  0.028236 
  2183007	-0.001097  0.002678 
  2180060	 0.000151  0.001617 
  2180797	 0.001203 -0.002551 
  2181534	-0.001478 -0.000765 
  2182271	-0.001138  0.002678 
  2183008	-0.071891  0.023052 
  2183746	-1.128354 -1.062002 
  2184483	-0.069073 -0.071740 
  2185220	-0.068488 -0.070944 
  2185957	-0.001720 -0.001271 
  2186694	 0.000211 -0.000687 
  2183747	-0.068995 -0.071740 
  2184484	-1.129274 -1.062477 
  2185221	-0.068475 -0.073300 
  2185958	 0.000944  0.005915 
  2186695	 0.001159 -0.001144 
  2183748	-0.068435 -0.070944 
  2184485	-0.068451 -0.073300 
  2185222	-1.128739 -1.062232 
  2185959	 0.001348 -0.000315 
  2186696	-0.001551 -0.000983 
  2183749	-0.001817 -0.001271 
  2184486	 0.000964  0.005915 
  2185223	 0.001335 -0.000315 
  2185960	-0.053685  0.028186 
  2186697	-0.001119 -0.002186 
  2183750	 0.000156 -0.000687 
  2184487	 0.001204 -0.001144 
  2185224	-0.001483 -0.000983 
  2185961	-0.001162 -0.002186 
  2186698	-0.054406  0.024933 
  2187436	-1.112580 -1.062003 
  2188173	-0.069708 -0.071881 
  2188910	-0.069114 -0.070096 
  2189647	-0.001729  0.002633 
  2190384	 0.000220  0.000127 
  2187437	-0.069625 -0.071881 
  2188174	-1.113521 -1.061334 
  2188911	-0.069100 -0.073383 
  2189648	 0.000947  0.001025 
  2190385	 0.001158  0.000413 
  2187438	-0.069057 -0.070096 
  2188175	-0.069074 -0.073383 
  2188912	-1.112972 -1.063151 
  2189649	 0.001363  0.000180 
  2190386	-0.001561 -0.003974 
  2187439	-0.001832  0.002633 
  2188176	 0.000969  0.001025 
  2188913	 0.001349  0.000180 
  2189650	-0.033211  0.036827 
  2190387	-0.001144 -0.005062 
  2187440	 0.000161  0.000127 
  2188177	 0.001206  0.000413 
  2188914	-0.001489 -0.003974 
  2189651	-0.001190 -0.005062 
  2190388	-0.033956  0.020679 
  2191126	-1.075393 -1.062378 
  2191863	-0.071205 -0.071315 
  2192600	-0.070591 -0.070208 
  2193337	-0.001750  0.000002 
  2194074	 0.000241  0.000693 
  2191127	-0.071111 -0.071315 
  2191864	-1.076385 -1.060765 
  2192601	-0.070573 -0.072570 
  2193338	 0.000956 -0.002901 
  2194075	 0.001154 -0.003168 
  2191128	-0.070526 -0.070208 
  2191865	-0.070544 -0.072570 
  2192602	-1.075799 -1.062751 
  2193339	 0.001398  0.002370 
  2194076	-0.001586 -0.000046 
  2191129	-0.001868  0.000002 
  2191866	 0.000981 -0.002901 
  2192603	 0.001383  0.002370 
  2193340	 0.015057  0.025758 
  2194077	-0.001204 -0.003675 
  2191130	 0.000175  0.000693 
  2191867	 0.001209 -0.003168 
  2192604	-0.001504 -0.000046 
  2193341	-0.001256 -0.003675 
  2194078	 0.014256  0.026942 
  2194816	-1.075393 -1.064939 
  2195553	-0.071205 -0.071057 
  2196290	-0.070591 -0.072224 
  2197027	-0.001750  0.001804 
  2197764	 0.000241  0.000800 
  2194817	-0.071111 -0.071057 
  2195554	-1.076385 -1.061725 
  2196291	-0.070573 -0.071753 
  2197028	 0.000956 -0.003982 
  2197765	 0.001154  0.000808 
  2194818	-0.070526 -0.072224 
  2195555	-0.070544 -0.071753 
  2196292	-1.075799 -1.062645 
  2197029	 0.001398 -0.001525 
  2197766	-0.001586  0.000702 
  2194819	-0.001868  0.001804 
  2195556	 0.000981 -0.003982 
  2196293	 0.001383 -0.001525 
  2197030	 0.015057  0.030976 
  2197767	-0.001204 -0.002000 
  2194820	 0.000175  0.000800 
  2195557	 0.001209  0.000808 
  2196294	-0.001504  0.000702 
  2197031	-0.001256 -0.002000 
  2197768	 0.014256  0.022062 
  2198506	-1.075393 -1.065019 
  2199243	-0.071205 -0.070049 
  2199980	-0.070591 -0.073189 
  2200717	-0.001750 -0.001993 
  2201454	 0.000241  0.001250 
  2198507	-0.071111 -0.070049 
  2199244	-1.076385 -1.062080 
  2199981	-0.070573 -0.071901 
  2200718	 0.000956 -0.004696 
  2201455	 0.001154 -0.002627 
  2198508	-0.070526 -0.073189 
  2199245	-0.070544 -0.071901 
  2199982	-1.075799 -1.062325 
  2200719	 0.001398  0.000078 
  2201456	-0.001586  0.001672 
  2198509	-0.001868 -0.001993 
  2199246	 0.000981 -0.004696 
  2199983	 0.001383  0.000078 
  2200720	 0.015057  0.022694 
  2201457	-0.001204  0.003486 
  2198510	 0.000175  0.001250 
  2199247	 0.001209 -0.002627 
  2199984	-0.001504  0.001672 
  2200721	-0.001256  0.003486 
  2201458	 0.014256  0.024242 
  2202196	-1.075393 -1.063305 
  2202933	-0.071205 -0.069911 
  2203670	-0.070591 -0.073481 
  2204407	-0.001750 -0.003783 
  2205144	 0.000241 -0.001017 
  2202197	-0.071111 -0.069911 
  2202934	-1.076385 -1.061967 
  2203671	-0.070573 -0.071919 
  2204408	 0.000956  0.001787 
  2205145	 0.001154 -0.000602 
  2202198	-0.070526 -0.073481 
  2202935	-0.070544 -0.071919 
  2203672	-1.075799 -1.061451 
  2204409	 0.001398 -0.003066 
  2205146	-0.001586  0.001179 
  2202199	-0.001868 -0.003783 
  2202936	 0.000981  0.001787 
  2203673	 0.001383 -0.003066 
  2204410	 0.015057  0.025996 
  2205147	-0.001204  0.005284 
  2202200	 0.000175 -0.001017 
  2202937	 0.001209 -0.000602 
  2203674	-0.001504  0.001179 
  2204411	-0.001256  0.005284 
  2205148	 0.014256  0.026094 
  2205886	-1.075393 -1.061570 
  2206623	-0.071205 -0.071208 
  2207360	-0.070591 -0.072421 
  2208097	-0.001750 -0.001073 
  2208834	 0.000241  0.001825 
  2205887	-0.071111 -0.071208 
  2206624	-1.076385 -1.061430 
  2207361	-0.070573 -0.072096 
  2208098	 0.000956  0.003354 
  2208835	 0.001154  0.001893 
  2205888	-0.070526 -0.072421 
  2206625	-0.070544 -0.072096 
  2207362	-1.075799 -1.060753 
  2208099	 0.001398 -0.002237 
  2208836	-0.001586 -0.005574 
  2205889	-0.001868 -0.001073 
  2206626	 0.000981  0.003354 
  2207363	 0.001383 -0.002237 
  2208100	 0.015057  0.040096 
  2208837	-0.001204  0.002061 
  2205890	 0.000175  0.001825 
  2206627	 0.001209  0.001893 
  2207364	-0.001504 -0.005574 
  2208101	-0.001256  0.002061 
  2208838	 0.014256  0.024407 
  2209576	-1.075393 -1.061477 
  2210313	-0.071205 -0.072197 
  2211050	-0.070591 -0.071107 
  2211787	-0.001750 -0.003037 
  2212524	 0.000241  0.005005 
  2209577	-0.071111 -0.072197 
  2210314	-1.076385 -1.060921 
  2211051	-0.070573 -0.072392 
  2211788	 0.000956  0.002752 
  2212525	 0.001154 -0.001021 
  2209578	-0.070526 -0.071107 
  2210315	-0.070544 -0.072392 
  2211052	-1.075799 -1.061483 
  2211789	 0.001398  0.001745 
  2212526	-0.001586 -0.004259 
  2209579	-0.001868 -0.003037 
  2210316	 0.000981  0.002752 
  2211053	 0.001383  0.001745 
  2211790	 0.015057  0.027114 
  2212527	-0.001204 -0.002763 
  2209580	 0.000175  0.005005 
  2210317	 0.001209 -0.001021 
  2211054	-0.001504 -0.004259 
  2211791	-0.001256 -0.002763 
  2212528	 0.014256  0.029777 
  2213266	-1.075393 -1.063194 
  2214003	-0.071205 -0.071911 
  2214740	-0.070591 -0.071121 
  2215477	-0.001750 -0.001695 
  2216214	 0.000241  0.001327 
  2213267	-0.071111 -0.071911 
  2214004	-1.076385 -1.061015 
  2214741	-0.070573 -0.072207 
  2215478	 0.000956  0.002195 
  2216215	 0.001154  0.000240 
  2213268	-0.070526 -0.071121 
  2214005	-0.070544 -0.072207 
  2214742	-1.075799 -1.062366 
  2215479	 0.001398 -0.000770 
  2216216	-0.001586  0.001394 
  2213269	-0.001868 -0.001695 
  2214006	 0.000981  0.002195 
  2214743	 0.001383 -0.000770 
  2215480	 0.015057  0.023287 
  2216217	-0.001204 -0.005461 
  2213270	 0.000175  0.001327 
  2214007	 0.001209  0.000240 
  2214744	-0.001504  0.001394 
  2215481	-0.001256 -0.005461 
  2216218	 0.014256  0.029884 
  2216956	-1.075393 -1.065628 
  2217693	-0.071205 -0.072714 
  2218430	-0.070591 -0.072394 
  2219167	-0.001750 -0.000440 
  2219904	 0.000241  0.004304 
  2216957	-0.071111 -0.072714 
  2217694	-1.076385 -1.063819 
  2218431	-0.070573 -0.071434 
  2219168	 0.000956 -0.002754 
  2219905	 0.001154 -0.001577 
  2216958	-0.070526 -0.072394 
  2217695	-0.070544 -0.071434 
  2218432	-1.075799 -1.063573 
  2219169	 0.001398  0.001083 
  2219906	-0.001586  0.002290 
  2216959	-0.001868 -0.000440 
  2217696	 0.000981 -0.002754 
  2218433	 0.001383  0.001083 
  2219170	 0.015057  0.015665 
  2219907	-0.001204 -0.003071 
  2216960	 0.000175  0.004304 
  2217697	 0.001209 -0.001577 
  2218434	-0.001504  0.002290 
  2219171	-0.001256 -0.003071 
  2219908	 0.014256  0.025023 
  2220646	-1.075393 -1.066771 
  2221383	-0.071205 -0.071179 
  2222120	-0.070591 -0.073534 
  2222857	-0.001750 -0.000758 
  2223594	 0.000241 -0.000652 
  2220647	-0.071111 -0.071179 
  2221384	-1.076385 -1.063983 
  2222121	-0.070573 -0.072164 
  2222858	 0.000956 -0.002203 
  2223595	 0.001154 -0.001467 
  2220648	-0.070526 -0.073534 
  2221385	-0.070544 -0.072164 
  2222122	-1.075799 -1.064470 
  2222859	 0.001398 -0.002819 
  2223596	-0.001586  0.004670 
  2220649	-0.001868 -0.000758 
  2221386	 0.000981 -0.002203 
  2222123	 0.001383 -0.002819 
  2222860	 0.015057  0.015426 
  2223597	-0.001204  0.000915 
  2220650	 0.000175 -0.000652 
  2221387	 0.001209 -0.001467 
  2222124	-0.001504  0.004670 
  2222861	-0.001256  0.000915 
  2223598	 0.014256  0.022340 
  2224336	-1.075393 -1.065302 
  2225073	-0.071205 -0.070487 
  2225810	-0.070591 -0.073914 
  2226547	-0.001750  0.000919 
  2227284	 0.000241 -0.000425 
  2224337	-0.071111 -0.070487 
  2225074	-1.076385 -1.063059 
  2225811	-0.070573 -0.072234 
  2226548	 0.000956 -0.003486 
  2227285	 0.001154  0.000085 
  2224338	-0.070526 -0.073914 
  2225075	-0.070544 -0.072234 
  2225812	-1.075799 -1.064126 
  2226549	 0.001398 -0.003980 
  2227286	-0.001586 -0.001128 
  2224339	-0.001868  0.000919 
  2225076	 0.000981 -0.003486 
  2225813	 0.001383 -0.003980 
  2226550	 0.015057  0.028930 
  2227287	-0.001204  0.005221 
  2224340	 0.000175 -0.000425 
  2225077	 0.001209  0.000085 
  2225814	-0.001504 -0.001128 
  2226551	-0.001256  0.005221 
  2227288	 0.014256  0.019172 
  2228026	-1.075393 -1.062291 
  2228763	-0.071205 -0.070966 
  2229500	-0.070591 -0.073136 
  2230237	-0.001750 -0.003825 
  2230974	 0.000241  0.002450 
  2228027	-0.071111 -0.070966 
  2228764	-1.076385 -1.062040 
  2229501	-0.070573 -0.071910 
  2230238	 0.000956 -0.000635 
  2230975	 0.001154 -0.001930 
  2228028	-0.070526 -0.073136 
  2228765	-0.070544 -0.071910 
  2229502	-1.075799 -1.062605 
  2230239	 0.001398 -0.001183 
  2230976	-0.001586 -0.003337 
  2228029	-0.001868 -0.003825 
  2228766	 0.000981 -0.000635 
  2229503	 0.001383 -0.001183 
  2230240	 0.015057  0.022924 
  2230977	-0.001204  0.005476 
  2228030	 0.000175  0.002450 
  2228767	 0.001209 -0.001930 
  2229504	-0.001504 -0.003337 
  2230241	-0.001256  0.005476 
  2230978	 0.014256  0.028540 
  2231716	-1.075393 -1.060758 
  2232453	-0.071205 -0.072295 
  2233190	-0.070591 -0.072155 
  2233927	-0.001750 -0.004106 
  2234664	 0.000241  0.001571 
  2231717	-0.071111 -0.072295 
  2232454	-1.076385 -1.061304 
  2233191	-0.070573 -0.071266 
  2233928	 0.000956  0.005199 
  2234665	 0.001154  0.001796 
  2231718	-0.070526 -0.072155 
  2232455	-0.070544 -0.071266 
  2233192	-1.075799 -1.061368 
  2233929	 0.001398 -0.002830 
  2234666	-0.001586 -0.001494 
  2231719	-0.001868 -0.004106 
  2232456	 0.000981  0.005199 
  2233193	 0.001383 -0.002830 
  2233930	 0.015057  0.023179 
  2234667	-0.001204  0.000614 
  2231720	 0.000175  0.001571 
  2232457	 0.001209  0.001796 
  2233194	-0.001504 -0.001494 
  2233931	-0.001256  0.000614 
  2234668	 0.014256  0.035850 
  2235406	-1.075393 -1.062639 
  2236143	-0.071205 -0.073259 
  2236880	-0.070591 -0.071893 
  2237617	-0.001750  0.001113 
  2238354	 0.000241  0.003983 
  2235407	-0.071111 -0.073259 
  2236144	-1.076385 -1.062183 
  2236881	-0.070573 -0.070846 
  2237618	 0.000956  0.001664 
  2238355	 0.001154  0.003891 
  2235408	-0.070526 -0.071893 
  2236145	-0.070544 -0.070846 
  2236882	-1.075799 -1.061950 
  2237619	 0.001398 -0.001456 
  2238356	-0.001586 -0.001894 
  2235409	-0.001868  0.001113 
  2236146	 0.000981  0.001664 
  2236883	 0.001383 -0.001456 
  2237620	 0.015057  0.029795 
  2238357	-0.001204 -0.003408 
  2235410	 0.000175  0.003983 
  2236147	 0.001209  0.003891 
  2236884	-0.001504 -0.001894 
  2237621	-0.001256 -0.003408 
  2238358	 0.014256  0.027947 
  2239096	-1.075393 -1.064192 
  2239833	-0.071205 -0.073739 
  2240570	-0.070591 -0.072424 
  2241307	-0.001750  0.000619 
  2242044	 0.000241  0.001170 
  2239097	-0.071111 -0.073739 
  2239834	-1.076385 -1.065226 
  2240571	-0.070573 -0.070486 
  2241308	 0.000956  0.002112 
  2242045	 0.001154  0.001203 
  2239098	-0.070526 -0.072424 
  2239835	-0.070544 -0.070486 
  2240572	-1.075799 -1.063095 
  2241309	 0.001398 -0.000572 
  2242046	-0.001586  0.005233 
  2239099	-0.001868  0.000619 
  2239836	 0.000981  0.002112 
  2240573	 0.001383 -0.000572 
  2241310	 0.015057  0.014214 
  2242047	-0.001204 -0.002776 
  2239100	 0.000175  0.001170 
  2239837	 0.001209  0.001203 
  2240574	-0.001504  0.005233 
  2241311	-0.001256 -0.002776 
  2242048	 0.014256  0.028429 
  2242786	-1.075393 -1.066678 
  2243523	-0.071205 -0.073112 
  2244260	-0.070591 -0.072898 
  2244997	-0.001750  0.004615 
  2245734	 0.000241  0.000647 
  2242787	-0.071111 -0.073112 
  2243524	-1.076385 -1.066359 
  2244261	-0.070573 -0.071721 
  2244998	 0.000956 -0.002459 
  2245735	 0.001154  0.000423 
  2242788	-0.070526 -0.072898 
  2243525	-0.070544 -0.071721 
  2244262	-1.075799 -1.065466 
  2244999	 0.001398 -0.001605 
  2245736	-0.001586  0.002682 
  2242789	-0.001868  0.004615 
  2243526	 0.000981 -0.002459 
  2244263	 0.001383 -0.001605 
  2245000	 0.015057  0.020986 
  2245737	-0.001204 -0.001239 
  2242790	 0.000175  0.000647 
  2243527	 0.001209  0.000423 
  2244264	-0.001504  0.002682 
  2245001	-0.001256 -0.001239 
  2245738	 0.014256  0.015958 
  2246476	-1.075393 -1.066346 
  2247213	-0.071205 -0.071857 
  2247950	-0.070591 -0.072872 
  2248687	-0.001750  0.001421 
  2249424	 0.000241  0.000357 
  2246477	-0.071111 -0.071857 
  2247214	-1.076385 -1.065301 
  2247951	-0.070573 -0.072998 
  2248688	 0.000956 -0.004254 
  2249425	 0.001154 -0.004160 
  2246478	-0.070526 -0.072872 
  2247215	-0.070544 -0.072998 
  2247952	-1.075799 -1.066440 
  2248689	 0.001398 -0.000261 
  2249426	-0.001586  0.001379 
  2246479	-0.001868  0.001421 
  2247216	 0.000981 -0.004254 
  2247953	 0.001383 -0.000261 
  2248690	 0.015057  0.013833 
  2249427	-0.001204  0.002184 
  2246480	 0.000175  0.000357 
  2247217	 0.001209 -0.004160 
  2247954	-0.001504  0.001379 
  2248691	-0.001256  0.002184 
  2249428	 0.014256  0.017754 
  2250166	-1.075393 -1.063714 
  2250903	-0.071205 -0.071205 
  2251640	-0.070591 -0.072730 
  2252377	-0.001750 -0.000574 
  2253114	 0.000241 -0.002846 
  2250167	-0.071111 -0.071205 
  2250904	-1.076385 -1.063501 
  2251641	-0.070573 -0.072595 
  2252378	 0.000956 -0.000251 
  2253115	 0.001154 -0.002008 
  2250168	-0.070526 -0.072730 
  2250905	-0.070544 -0.072595 
  2251642	-1.075799 -1.065504 
  2252379	 0.001398 -0.003514 
  2253116	-0.001586  0.000816 
  2250169	-0.001868 -0.000574 
  2250906	 0.000981 -0.000251 
  2251643	 0.001383 -0.003514 
  2252380	 0.015057  0.017106 
  2253117	-0.001204  0.003894 
  2250170	 0.000175 -0.002846 
  2250907	 0.001209 -0.002008 
  2251644	-0.001504  0.000816 
  2252381	-0.001256  0.003894 
  2253118	 0.014256  0.025280 
  2253856	-1.075393 -1.061044 
  2254593	-0.071205 -0.072152 
  2255330	-0.070591 -0.072086 
  2256067	-0.001750  0.001830 
  2256804	 0.000241  0.000049 
  2253857	-0.071111 -0.072152 
  2254594	-1.076385 -1.062237 
  2255331	-0.070573 -0.071010 
  2256068	 0.000956 -0.000207 
  2256805	 0.001154  0.002012 
  2253858	-0.070526 -0.072086 
  2254595	-0.070544 -0.071010 
  2255332	-1.075799 -1.062951 
  2256069	 0.001398 -0.002841 
  2256806	-0.001586 -0.003422 
  2253859	-0.001868  0.001830 
  2254596	 0.000981 -0.000207 
  2255333	 0.001383 -0.002841 
  2256070	 0.015057  0.029344 
  2256807	-0.001204  0.002747 
  2253860	 0.000175  0.000049 
  2254597	 0.001209  0.002012 
  2255334	-0.001504 -0.003422 
  2256071	-0.001256  0.002747 
  2256808	 0.014256  0.028450 
  2257546	-1.083592 -1.061162 
  2258283	-0.070875 -0.073520 
  2259020	-0.070265 -0.071716 
  2259757	-0.001745 -0.000531 
  2260494	 0.000236  0.003755 
  2257547	-0.070783 -0.073520 
  2258284	-1.084573 -1.063005 
  2259021	-0.070248 -0.070073 
  2259758	 0.000954  0.000450 
  2260495	 0.001155  0.000239 
  2257548	-0.070202 -0.071716 
  2258285	-0.070220 -0.070073 
  2259022	-1.083996 -1.061735 
  2259759	 0.001390  0.001205 
  2260496	-0.001580  0.000082 
  2257549	-0.001860 -0.000531 
  2258286	 0.000978  0.000450 
  2259023	 0.001376  0.001205 
  2259760	 0.004414  0.018361 
  2260497	-0.001191 -0.000051 
  2257550	 0.000172  0.003755 
  2258287	 0.001208  0.000239 
  2259024	-0.001500  0.000082 
  2259761	-0.001242 -0.000051 
  2260498	 0.003625  0.034658 
  2261236	-1.104656 -1.062401 
  2261973	-0.070027 -0.073383 
  2262710	-0.069429 -0.071881 
  2263447	-0.001733  0.004628 
  2264184	 0.000224  0.000457 
  2261237	-0.069941 -0.073383 
  2261974	-1.105608 -1.064994 
  2262711	-0.069414 -0.069859 
  2263448	 0.000949 -0.000135 
  2264185	 0.001157  0.002531 
  2261238	-0.069370 -0.071881 
  2261975	-0.069387 -0.069859 
  2262712	-1.105051 -1.062049 
  2263449	 0.001370  0.000139 
  2264186	-0.001567  0.002091 
  2261239	-0.001840  0.004628 
  2261976	 0.000972 -0.000135 
  2262713	 0.001356  0.000139 
  2263450	-0.022926  0.027256 
  2264187	-0.001157 -0.000713 
  2261240	 0.000164  0.000457 
  2261977	 0.001206  0.002531 
  2262714	-0.001492  0.002091 
  2263451	-0.001204 -0.000713 
  2264188	-0.023683  0.025373 
  2264926	-1.089483 -1.064639 
  2265663	-0.070638 -0.073504 
  2266400	-0.070031 -0.071952 
  2267137	-0.001742  0.002823 
  2267874	 0.000233  0.001871 
  2264927	-0.070548 -0.073504 
  2265664	-1.090456 -1.066806 
  2266401	-0.070015 -0.071415 
  2267138	 0.000953 -0.000751 
  2267875	 0.001156 -0.002300 
  2264928	-0.069969 -0.071952 
  2265665	-0.069987 -0.071415 
  2266402	-1.089884 -1.064034 
  2267139	 0.001385  0.002572 
  2267876	-0.001576  0.003813 
  2264929	-0.001854  0.002823 
  2265666	 0.000977 -0.000751 
  2266403	 0.001370  0.002572 
  2267140	-0.003232  0.016150 
  2267877	-0.001181 -0.001239 
  2264930	 0.000170  0.001871 
  2265667	 0.001208 -0.002300 
  2266404	-0.001498  0.003813 
  2267141	-0.001231 -0.001239 
  2267878	-0.004012  0.020612 
  2268616	-1.075393 -1.065357 
  2269353	-0.071205 -0.072728 
  2270090	-0.070591 -0.071924 
  2270827	-0.001750  0.002695 
  2271564	 0.000241 -0.002635 
  2268617	-0.071111 -0.072728 
  2269354	-1.076385 -1.066529 
  2270091	-0.070573 -0.073070 
  2270828	 0.000956  0.001156 
  2271565	 0.001154 -0.002715 
  2268618	-0.070526 -0.071924 
  2269355	-0.070544 -0.073070 
  2270092	-1.075799 -1.066304 
  2270829	 0.001398 -0.000821 
  2271566	-0.001586  0.004267 
  2268619	-0.001868  0.002695 
  2269356	 0.000981  0.001156 
  2270093	 0.001383 -0.000821 
  2270830	 0.015057  0.015889 
  2271567	-0.001204 -0.001067 
  2268620	 0.000175 -0.002635 
  2269357	 0.001209 -0.002715 
  2270094	-0.001504  0.004267 
  2270831	-0.001256 -0.001067 
  2271568	 0.014256  0.017224 
  2272306	-1.075393 -1.064143 
  2273043	-0.071205 -0.072202 
  2273780	-0.070591 -0.071369 
  2274517	-0.001750  0.005271 
  2275254	 0.000241 -0.002986 
  2272307	-0.071111 -0.072202 
  2273044	-1.076385 -1.064548 
  2273781	-0.070573 -0.073347 
  2274518	 0.000956 -0.001916 
  2275255	 0.001154 -0.001511 
  2272308	-0.070526 -0.071369 
  2273045	-0.070544 -0.073347 
  2273782	-1.075799 -1.066809 
  2274519	 0.001398 -0.001461 
  2275256	-0.001586 -0.001425 
  2272309	-0.001868  0.005271 
  2273046	 0.000981 -0.001916 
  2273783	 0.001383 -0.001461 
  2274520	 0.015057  0.026355 
  2275257	-0.001204  0.000446 
  2272310	 0.000175 -0.002986 
  2273047	 0.001209 -0.001511 
  2273784	-0.001504 -0.001425 
  2274521	-0.001256  0.000446 
  2275258	 0.014256  0.015365 
  2275996	-1.075393 -1.061761 
  2276733	-0.071205 -0.071944 
  2277470	-0.070591 -0.070859 
  2278207	-0.001750  0.001533 
  2278944	 0.000241 -0.000924 
  2275997	-0.071111 -0.071944 
  2276734	-1.076385 -1.062635 
  2277471	-0.070573 -0.072215 
  2278208	 0.000956 -0.002546 
  2278945	 0.001154 -0.003345 
  2275998	-0.070526 -0.070859 
  2276735	-0.070544 -0.072215 
  2277472	-1.075799 -1.064874 
  2278209	 0.001398  0.001045 
  2278946	-0.001586 -0.000878 
  2275999	-0.001868  0.001533 
  2276736	 0.000981 -0.002546 
  2277473	 0.001383  0.001045 
  2278210	 0.015057  0.020112 
  2278947	-0.001204  0.001341 
  2276000	 0.000175 -0.000924 
  2276737	 0.001209 -0.003345 
  2277474	-0.001504 -0.000878 
  2278211	-0.001256  0.001341 
  2278948	 0.014256  0.027512 
  2279686	-1.117299 -1.060877 
  2280423	-0.069518 -0.072372 
  2281160	-0.068927 -0.071273 
  2281897	-0.001726  0.001030 
  2282634	 0.000217 -0.002405 
  2279687	-0.069436 -0.072372 
  2280424	-1.118234 -1.062799 
  2281161	-0.068913 -0.070475 
  2281898	 0.000946  0.001166 
  2282635	 0.001158  0.000592 
  2279688	-0.068871 -0.071273 
  2280425	-0.068888 -0.070475 
  2281162	-1.117689 -1.062402 
  2281899	 0.001358 -0.000736 
  2282636	-0.001558  0.003008 
  2279689	-0.001828  0.001030 
  2280426	 0.000968  0.001166 
  2281163	 0.001345 -0.000736 
  2281900	-0.039336  0.020120 
  2282637	-0.001137  0.000377 
  2279690	 0.000160 -0.002405 
  2280427	 0.001205  0.000592 
  2281164	-0.001488  0.003008 
  2281901	-0.001182  0.000377 
  2282638	-0.040073  0.033248 
  2283376	-1.135996 -1.061681 
  2284113	-0.068765 -0.071741 
  2284850	-0.068185 -0.071331 
  2285587	-0.001715  0.001091 
  2286324	 0.000206  0.000149 
  2283377	-0.068689 -0.071741 
  2284114	-1.136905 -1.062937 
  2284851	-0.068173 -0.070570 
  2285588	 0.000942 -0.002349 
  2286325	 0.001160 -0.001663 
  2283378	-0.068133 -0.071331 
  2284115	-0.068149 -0.070570 
  2284852	-1.136377 -1.061380 
  2285589	 0.001340  0.002677 
  2286326	-0.001546  0.003025 
  2283379	-0.001810  0.001091 
  2284116	 0.000962 -0.002349 
  2284853	 0.001328  0.002677 
  2285590	-0.063603  0.024089 
  2286327	-0.001107  0.001080 
  2283380	 0.000153  0.000149 
  2284117	 0.001203 -0.001663 
  2284854	-0.001480  0.003025 
  2285591	-0.001148  0.001080 
  2286328	-0.064312  0.029632 
  2287066	-1.124449 -1.062714 
  2287803	-0.069230 -0.071999 
  2288540	-0.068643 -0.071931 
  2289277	-0.001722  0.001114 
  2290014	 0.000213 -0.001804 
  2287067	-0.069151 -0.071999 
  2287804	-1.125374 -1.064848 
  2288541	-0.068630 -0.071106 
  2289278	 0.000945  0.002559 
  2290015	 0.001159 -0.000072 
  2287068	-0.068589 -0.071931 
  2287805	-0.068605 -0.071106 
  2288542	-1.124836 -1.061762 
  2289279	 0.001351  0.000030 
  2290016	-0.001554  0.005175 
  2287069	-0.001821  0.001114 
  2287806	 0.000966  0.002559 
  2288543	 0.001338  0.000030 
  2289280	-0.048616  0.023045 
  2290017	-0.001125  0.000649 
  2287070	 0.000157 -0.001804 
  2287807	 0.001205 -0.000072 
  2288544	-0.001485  0.005175 
  2289281	-0.001169  0.000649 
  2290018	-0.049343  0.024219 
  2290756	-1.110232 -1.063477 
  2291493	-0.069802 -0.072604 
  2292230	-0.069208 -0.071379 
  2292967	-0.001730  0.004655 
  2293704	 0.000221 -0.000990 
  2290757	-0.069719 -0.072604 
  2291494	-1.111176 -1.065411 
  2292231	-0.069193 -0.072577 
  2292968	 0.000948  0.001709 
  2293705	 0.001157 -0.000069 
  2290758	-0.069150 -0.071379 
  2291495	-0.069167 -0.072577 
  2292232	-1.110624 -1.063602 
  2292969	 0.001365  0.000078 
  2293706	-0.001563 -0.000242 
  2290759	-0.001834  0.004655 
  2291496	 0.000970  0.001709 
  2292233	 0.001351  0.000078 
  2292970	-0.030163  0.032041 
  2293707	-0.001148 -0.000879 
  2290760	 0.000162 -0.000990 
  2291497	 0.001206 -0.000069 
  2292234	-0.001490 -0.000242 
  2292971	-0.001194 -0.000879 
  2293708	-0.030911  0.014732 
  2294446	-1.093688 -1.063199 
  2295183	-0.070468 -0.072377 
  2295920	-0.069864 -0.070293 
  2296657	-0.001740  0.002108 
  2297394	 0.000230 -0.000221 
  2294447	-0.070380 -0.072377 
  2295184	-1.094655 -1.064215 
  2295921	-0.069848 -0.073942 
  2296658	 0.000952  0.000137 
  2297395	 0.001156 -0.004530 
  2294448	-0.069803 -0.070293 
  2295185	-0.069821 -0.073942 
  2295922	-1.094088 -1.065255 
  2296659	 0.001381  0.002620 
  2297396	-0.001574 -0.001345 
  2294449	-0.001850  0.002108 
  2295186	 0.000975  0.000137 
  2295923	 0.001366  0.002620 
  2296660	-0.008690  0.023093 
  2297397	-0.001175 -0.002507 
  2294450	 0.000168 -0.000221 
  2295187	 0.001207 -0.004530 
  2295924	-0.001497 -0.001345 
  2296661	-0.001224 -0.002507 
  2297398	-0.009464  0.018020 
  2298136	-1.075468 -1.062003 
  2298873	-0.071202 -0.071663 
  2299610	-0.070588 -0.070014 
  2300347	-0.001750  0.001645 
  2301084	 0.000241 -0.003990 
  2298137	-0.071108 -0.071663 
  2298874	-1.076460 -1.062180 
  2299611	-0.070570 -0.073433 
  2300348	 0.000956  0.000917 
  2301085	 0.001154 -0.002468 
  2298138	-0.070523 -0.070014 
  2298875	-0.070541 -0.073433 
  2299612	-1.075875 -1.064843 
  2300349	 0.001398 -0.000338 
  2301086	-0.001586  0.000927 
  2298139	-0.001868  0.001645 
  2298876	 0.000981  0.000917 
  2299613	 0.001383 -0.000338 
  2300350	 0.014959  0.024020 
  2301087	-0.001204 -0.002953 
  2298140	 0.000175 -0.003990 
  2298877	 0.001209 -0.002468 
  2299614	-0.001504  0.000927 
  2300351	-0.001256 -0.002953 
  2301088	 0.014158  0.025063 
  2301826	-1.075393 -1.061399 
  2302563	-0.071205 -0.071544 
  2303300	-0.070591 -0.070613 
  2304037	-0.001750  0.004297 
  2304774	 0.000241 -0.002408 
  2301827	-0.071111 -0.071544 
  2302564	-1.076385 -1.061658 
  2303301	-0.070573 -0.071509 
  2304038	 0.000956 -0.002794 
  2304775	 0.001154  0.000438 
  2301828	-0.070526 -0.070613 
  2302565	-0.070544 -0.071509 
  2303302	-1.075799 -1.062911 
  2304039	 0.001398  0.000093 
  2304776	-0.001586 -0.000377 
  2301829	-0.001868  0.004297 
  2302566	 0.000981 -0.002794 
  2303303	 0.001383  0.000093 
  2304040	 0.015057  0.033089 
  2304777	-0.001204 -0.000943 
  2301830	 0.000175 -0.002408 
  2302567	 0.001209  0.000438 
  2303304	-0.001504 -0.000377 
  2304041	-0.001256 -0.000943 
  2304778	 0.014256  0.025310 
  2305516	-1.118814 -1.139013 
  2306253	-0.040350 -0.040347 
  2306990	-0.040168 -0.039411 
  2307727	-0.001309 -0.003938 
  2308464	-0.000199  0.000347 
  2305517	-0.040492 -0.040347 
  2306254	-1.118752 -1.141372 
  2306991	-0.040216 -0.040184 
  2307728	 0.000778  0.000629 
  2308465	 0.001220  0.000892 
  2305518	-0.040266 -0.039411 
  2306255	-0.040261 -0.040184 
  2306992	-1.118906 -1.141717 
  2307729	 0.000665  0.001187 
  2308466	-0.001087 -0.001862 
  2305519	-0.001132 -0.003938 
  2306256	 0.000741  0.000629 
  2306993	 0.000688  0.001187 
  2307730	-0.256709 -0.280254 
  2308467	 0.000028  0.000027 
  2305520	-0.000099  0.000347 
  2306257	 0.001137  0.000892 
  2306994	-0.001211 -0.001862 
  2307731	 0.000107  0.000027 
  2308468	-0.256349 -0.283393 
  2309206	-1.114474 -1.136268 
  2309943	-0.040524 -0.040267 
  2310680	-0.040340 -0.039416 
  2311417	-0.001312 -0.002972 
  2312154	-0.000197  0.000630 
  2309207	-0.040665 -0.040267 
  2309944	-1.114419 -1.137166 
  2310681	-0.040388 -0.040133 
  2311418	 0.000779  0.001598 
  2312155	 0.001219  0.001520 
  2309208	-0.040437 -0.039416 
  2309945	-0.040432 -0.040133 
  2310682	-1.114569 -1.137240 
  2311419	 0.000670  0.000347 
  2312156	-0.001090 -0.002557 
  2309209	-0.001136 -0.002972 
  2309946	 0.000742  0.001598 
  2310683	 0.000692  0.000347 
  2311420	-0.251077 -0.276383 
  2312157	 0.000021 -0.000106 
  2309210	-0.000098  0.000630 
  2309947	 0.001138  0.001520 
  2310684	-0.001213 -0.002557 
  2311421	 0.000099 -0.000106 
  2312158	-0.250723 -0.277036 
  2312896	-1.116641 -1.137296 
  2313633	-0.040437 -0.039406 
  2314370	-0.040254 -0.040071 
  2315107	-0.001311 -0.002402 
  2315844	-0.000198  0.000989 
  2312897	-0.040578 -0.039406 
  2313634	-1.116583 -1.136301 
  2314371	-0.040302 -0.040245 
  2315108	 0.000779  0.002038 
  2315845	 0.001220  0.002299 
  2312898	-0.040352 -0.040071 
  2313635	-0.040347 -0.040245 
  2314372	-1.116735 -1.137179 
  2315109	 0.000668  0.000514 
  2315846	-0.001089 -0.002147 
  2312899	-0.001134 -0.002402 
  2313636	 0.000742  0.002038 
  2314373	 0.000690  0.000514 
  2315110	-0.253889 -0.276843 
  2315847	 0.000025  0.000352 
  2312900	-0.000099  0.000989 
  2313637	 0.001137  0.002299 
  2314374	-0.001212 -0.002147 
  2315111	 0.000103  0.000352 
  2315848	-0.253533 -0.276643 
  2316586	-1.129452 -1.142117 
  2317323	-0.039921 -0.038809 
  2318060	-0.039746 -0.040619 
  2318797	-0.001303 -0.002731 
  2319534	-0.000205  0.000848 
  2316587	-0.040067 -0.038809 
  2317324	-1.129376 -1.140776 
  2318061	-0.039795 -0.040410 
  2318798	 0.000776  0.001596 
  2319535	 0.001221  0.002414 
  2316588	-0.039846 -0.040619 
  2317325	-0.039840 -0.040410 
  2318062	-1.129540 -1.142449 
  2318799	 0.000655  0.001458 
  2319536	-0.001080 -0.001277 
  2316589	-0.001122 -0.002731 
  2317326	 0.000738  0.001596 
  2318063	 0.000679  0.001458 
  2318800	-0.270516 -0.282574 
  2319537	 0.000045  0.000977 
  2316590	-0.000103  0.000848 
  2317327	 0.001136  0.002414 
  2318064	-0.001207 -0.001277 
  2318801	 0.000126  0.000977 
  2319538	-0.270140 -0.283808 
  2320276	-1.127724 -1.145521 
  2321013	-0.039991 -0.039147 
  2321750	-0.039814 -0.040322 
  2322487	-0.001304 -0.003406 
  2323224	-0.000204  0.000450 
  2320277	-0.040136 -0.039147 
  2321014	-1.127650 -1.145786 
  2321751	-0.039863 -0.040529 
  2322488	 0.000776  0.000551 
  2323225	 0.001220  0.001901 
  2320278	-0.039914 -0.040322 
  2321015	-0.039909 -0.040529 
  2321752	-1.127813 -1.147184 
  2322489	 0.000657  0.002204 
  2323226	-0.001081 -0.001059 
  2320279	-0.001123 -0.003406 
  2321016	 0.000738  0.000551 
  2321753	 0.000680  0.002204 
  2322490	-0.268274 -0.287703 
  2323227	 0.000043  0.000618 
  2320280	-0.000102  0.000450 
  2321017	 0.001136  0.001901 
  2321754	-0.001208 -0.001059 
  2322491	 0.000123  0.000618 
  2323228	-0.267901 -0.290831 
  2323966	-1.124620 -1.144392 
  2324703	-0.040116 -0.039961 
  2325440	-0.039937 -0.039358 
  2326177	-0.001306 -0.003439 
  2326914	-0.000203  0.000194 
  2323967	-0.040260 -0.039961 
  2324704	-1.124551 -1.146317 
  2325441	-0.039986 -0.040536 
  2326178	 0.000777 -0.000069 
  2326915	 0.001220  0.001562 
  2323968	-0.040037 -0.039358 
  2324705	-0.040031 -0.040536 
  2325442	-1.124711 -1.146581 
  2326179	 0.000660  0.001810 
  2326916	-0.001084 -0.001879 
  2323969	-0.001126 -0.003439 
  2324706	 0.000739 -0.000069 
  2325443	 0.000683  0.001810 
  2326180	-0.264245 -0.287243 
  2326917	 0.000038 -0.000520 
  2323970	-0.000101  0.000194 
  2324707	 0.001137  0.001562 
  2325444	-0.001209 -0.001879 
  2326181	 0.000117 -0.000520 
  2326918	-0.263877 -0.290416 
  2327656	-1.115544 -1.140450 
  2328393	-0.040481 -0.040388 
  2329130	-0.040298 -0.038809 
  2329867	-0.001311 -0.002951 
  2330604	-0.000197  0.000200 
  2327657	-0.040622 -0.040388 
  2328394	-1.115487 -1.142131 
  2329131	-0.040346 -0.040618 
  2329868	 0.000779  0.000326 
  2330605	 0.001219  0.001917 
  2327658	-0.040395 -0.038809 
  2328395	-0.040390 -0.040618 
  2329132	-1.115638 -1.141831 
  2329869	 0.000669  0.000557 
  2330606	-0.001089 -0.002730 
  2327659	-0.001135 -0.002951 
  2328396	 0.000742  0.000326 
  2329133	 0.000691  0.000557 
  2329870	-0.252464 -0.282342 
  2330607	 0.000023 -0.001020 
  2327660	-0.000098  0.000200 
  2328397	 0.001137  0.001917 
  2329134	-0.001212 -0.002730 
  2329871	 0.000101 -0.001020 
  2330608	-0.252110 -0.283400 
  2331346	-1.116801 -1.138608 
  2332083	-0.040431 -0.040044 
  2332820	-0.040248 -0.039268 
  2333557	-0.001311 -0.002255 
  2334294	-0.000198  0.000224 
  2331347	-0.040572 -0.040044 
  2332084	-1.116742 -1.137917 
  2332821	-0.040296 -0.040716 
  2333558	 0.000779  0.001492 
  2334295	 0.001220  0.002764 
  2331348	-0.040345 -0.039268 
  2332085	-0.040340 -0.040716 
  2332822	-1.116894 -1.138779 
  2333559	 0.000667  0.000035 
  2334296	-0.001089 -0.002293 
  2331349	-0.001134 -0.002255 
  2332086	 0.000742  0.001492 
  2332823	 0.000690  0.000035 
  2333560	-0.254096 -0.279293 
  2334297	 0.000025 -0.000160 
  2331350	-0.000099  0.000224 
  2332087	 0.001137  0.002764 
  2332824	-0.001212 -0.002293 
  2333561	 0.000104 -0.000160 
  2334298	-0.253739 -0.278057 
  2335036	-1.116876 -1.141577 
  2335773	-0.040428 -0.039427 
  2336510	-0.040245 -0.040180 
  2337247	-0.001311 -0.002232 
  2337984	-0.000198 -0.000145 
  2335037	-0.040569 -0.039427 
  2335774	-1.116817 -1.138931 
  2336511	-0.040293 -0.040375 
  2337248	 0.000779  0.002193 
  2337985	 0.001220  0.003133 
  2335038	-0.040342 -0.040180 
  2335775	-0.040337 -0.040375 
  2336512	-1.116969 -1.141199 
  2337249	 0.000667  0.000411 
  2337986	-0.001089 -0.001040 
  2335039	-0.001134 -0.002232 
  2335776	 0.000741  0.002193 
  2336513	 0.000690  0.000411 
  2337250	-0.254193 -0.282415 
  2337987	 0.000025  0.001344 
  2335040	-0.000099 -0.000145 
  2335777	 0.001137  0.003133 
  2336514	-0.001212 -0.001040 
  2337251	 0.000104  0.001344 
  2337988	-0.253836 -0.280774 
  2338726	-1.115635 -1.146841 
  2339463	-0.040477 -0.039375 
  2340200	-0.040294 -0.040484 
  2340937	-0.001311 -0.002496 
  2341674	-0.000197 -0.000572 
  2338727	-0.040619 -0.039375 
  2339464	-1.115578 -1.144580 
  2340201	-0.040342 -0.039956 
  2340938	 0.000779  0.001930 
  2341675	 0.001219  0.002992 
  2338728	-0.040391 -0.040484 
  2339465	-0.040386 -0.039956 
  2340202	-1.115729 -1.146517 
  2340939	 0.000668  0.001385 
  2341676	-0.001089 -0.000681 
  2338729	-0.001135 -0.002496 
  2339466	 0.000742  0.001930 
  2340203	 0.000691  0.001385 
  2340940	-0.252584 -0.289403 
  2341677	 0.000023  0.001679 
  2338730	-0.000098 -0.000572 
  2339467	 0.001137  0.002992 
  2340204	-0.001212 -0.000681 
  2340941	 0.000101  0.001679 
  2341678	-0.252229 -0.288632 
  2342416	-1.113453 -1.148278 
  2343153	-0.040565 -0.039938 
  2343890	-0.040381 -0.039942 
  2344627	-0.001313 -0.002554 
  2345364	-0.000196 -0.000689 
  2342417	-0.040706 -0.039938 
  2343154	-1.113399 -1.148288 
  2343891	-0.040429 -0.039939 
  2344628	 0.000780  0.000623 
  2345365	 0.001219  0.002540 
  2342418	-0.040477 -0.039942 
  2343155	-0.040473 -0.039939 
  2343892	-1.113548 -1.148322 
  2344629	 0.000671  0.001810 
  2345366	-0.001091 -0.001778 
  2342419	-0.001137 -0.002554 
  2343156	 0.000743  0.000623 
  2343893	 0.000693  0.001810 
  2344630	-0.249751 -0.292363 
  2345367	 0.000020  0.000016 
  2342420	-0.000097 -0.000689 
  2343157	 0.001138  0.002540 
  2343894	-0.001213 -0.001778 
  2344631	 0.000098  0.000016 
  2345368	-0.249399 -0.292354 
  2346106	-1.116101 -1.145695 
  2346843	-0.040459 -0.040499 
  2347580	-0.040276 -0.039115 
  2348317	-0.001311 -0.001984 
  2349054	-0.000198 -0.000456 
  2346107	-0.040600 -0.040499 
  2346844	-1.116044 -1.147196 
  2347581	-0.040324 -0.040347 
  2348318	 0.000779 -0.000192 
  2349055	 0.001219  0.002425 
  2346108	-0.040373 -0.039115 
  2346845	-0.040368 -0.040347 
  2347582	-1.116195 -1.145513 
  2348319	 0.000668  0.001296 
  2349056	-0.001089 -0.003178 
  2346109	-0.001134 -0.001984 
  2346846	 0.000742 -0.000192 
  2347583	 0.000691  0.001296 
  2348320	-0.253188 -0.289447 
  2349057	 0.000024 -0.001699 
  2346110	-0.000098 -0.000456 
  2346847	 0.001137  0.002425 
  2347584	-0.001212 -0.003178 
  2348321	 0.000102 -0.001699 
  2349058	-0.252832 -0.288949 
  2349796	-1.117593 -1.142231 
  2350533	-0.040399 -0.040620 
  2351270	-0.040216 -0.039130 
  2352007	-0.001310 -0.001557 
  2352744	-0.000199 -0.000418 
  2349797	-0.040540 -0.040620 
  2350534	-1.117533 -1.142658 
  2351271	-0.040265 -0.040809 
  2352008	 0.000779  0.000263 
  2352745	 0.001220  0.002840 
  2349798	-0.040314 -0.039130 
  2350535	-0.040309 -0.040809 
  2351272	-1.117686 -1.141604 
  2352009	 0.000667  0.000578 
  2352746	-0.001088 -0.003098 
  2349799	-0.001133 -0.001557 
  2350536	 0.000741  0.000263 
  2351273	 0.000690  0.000578 
  2352010	-0.255124 -0.284358 
  2352747	 0.000026 -0.001430 
  2349800	-0.000099 -0.000418 
  2350537	 0.001137  0.002840 
  2351274	-0.001211 -0.003098 
  2352011	 0.000105 -0.001430 
  2352748	-0.254766 -0.282554 
  2353486	-1.117771 -1.141763 
  2354223	-0.040391 -0.040355 
  2354960	-0.040209 -0.039853 
  2355697	-0.001310 -0.001808 
  2356434	-0.000199 -0.000734 
  2353487	-0.040533 -0.040355 
  2354224	-1.117711 -1.139864 
  2354961	-0.040258 -0.040559 
  2355698	 0.000779  0.001530 
  2356435	 0.001220  0.003335 
  2353488	-0.040307 -0.039853 
  2354225	-0.040302 -0.040559 
  2354962	-1.117864 -1.141026 
  2355699	 0.000666  0.000397 
  2356436	-0.001088 -0.001498 
  2353489	-0.001133 -0.001808 
  2354226	 0.000741  0.001530 
  2354963	 0.000689  0.000397 
  2355700	-0.255355 -0.282898 
  2356437	 0.000027  0.000425 
  2353490	-0.000099 -0.000734 
  2354227	 0.001137  0.003335 
  2354964	-0.001211 -0.001498 
  2355701	 0.000105  0.000425 
  2356438	-0.254997 -0.280414 
  2357176	-1.116588 -1.144676 
  2357913	-0.040439 -0.040182 
  2358650	-0.040256 -0.040542 
  2359387	-0.001311 -0.002147 
  2360124	-0.000198 -0.001333 
  2357177	-0.040581 -0.040182 
  2357914	-1.116529 -1.141769 
  2358651	-0.040305 -0.039725 
  2359388	 0.000779  0.002488 
  2360125	 0.001220  0.003138 
  2357178	-0.040354 -0.040542 
  2357915	-0.040349 -0.039725 
  2358652	-1.116681 -1.143695 
  2359389	 0.000668  0.000797 
  2360126	-0.001089 -0.000575 
  2357179	-0.001134 -0.002147 
  2357916	 0.000742  0.002488 
  2358653	 0.000690  0.000797 
  2359390	-0.253819 -0.286536 
  2360127	 0.000025  0.001877 
  2357180	-0.000098 -0.001333 
  2357917	 0.001137  0.003138 
  2358654	-0.001212 -0.000575 
  2359391	 0.000103  0.001877 
  2360128	-0.253463 -0.283954 
  2360866	-1.114058 -1.147261 
  2361603	-0.040541 -0.040303 
  2362340	-0.040357 -0.040504 
  2363077	-0.001312 -0.002038 
  2363814	-0.000197 -0.001424 
  2360867	-0.040682 -0.040303 
  2361604	-1.114003 -1.145696 
  2362341	-0.040405 -0.039169 
  2363078	 0.000779  0.002051 
  2363815	 0.001219  0.002606 
  2360868	-0.040454 -0.040504 
  2361605	-0.040449 -0.039169 
  2362342	-1.114153 -1.145819 
  2363079	 0.000670  0.001367 
  2363816	-0.001090 -0.001541 
  2360869	-0.001136 -0.002038 
  2361606	 0.000742  0.002051 
  2362343	 0.000693  0.001367 
  2363080	-0.250536 -0.290690 
  2363817	 0.000021  0.001034 
  2360870	-0.000098 -0.001424 
  2361607	 0.001138  0.002606 
  2362344	-0.001213 -0.001541 
  2363081	 0.000099  0.001034 
  2363818	-0.250183 -0.288011 
  2364556	-1.117143 -1.146411 
  2365293	-0.040417 -0.040518 
  2366030	-0.040234 -0.039939 
  2366767	-0.001310 -0.001291 
  2367504	-0.000198 -0.000856 
  2364557	-0.040558 -0.040518 
  2365294	-1.117084 -1.146695 
  2366031	-0.040283 -0.039378 
  2366768	 0.000779  0.000738 
  2367505	 0.001220  0.002500 
  2364558	-0.040332 -0.039939 
  2365295	-0.040327 -0.039378 
  2366032	-1.117236 -1.144404 
  2366769	 0.000667  0.001597 
  2367506	-0.001088 -0.003146 
  2364559	-0.001133 -0.001291 
  2365296	 0.000741  0.000738 
  2366033	 0.000690  0.001597 
  2366770	-0.254540 -0.290162 
  2367507	 0.000026 -0.001154 
  2364560	-0.000099 -0.000856 
  2365297	 0.001137  0.002500 
  2366034	-0.001212 -0.003146 
  2366771	 0.000104 -0.001154 
  2367508	-0.254183 -0.287586 
  2368246	-1.118951 -1.143800 
  2368983	-0.040344 -0.040562 
  2369720	-0.040162 -0.039706 
  2370457	-0.001309 -0.000962 
  2371194	-0.000199 -0.000349 
  2368247	-0.040486 -0.040562 
  2368984	-1.118889 -1.144781 
  2369721	-0.040211 -0.040188 
  2370458	 0.000778 -0.000113 
  2371195	 0.001220  0.002567 
  2368248	-0.040260 -0.039706 
  2368985	-0.040255 -0.040188 
  2369722	-1.119044 -1.141914 
  2370459	 0.000665  0.001397 
  2371196	-0.001087 -0.003620 
  2368249	-0.001132 -0.000962 
  2368986	 0.000741 -0.000113 
  2369723	 0.000688  0.001397 
  2370460	-0.256887 -0.286317 
  2371197	 0.000028 -0.002034 
  2368250	-0.000099 -0.000349 
  2368987	 0.001137  0.002567 
  2369724	-0.001211 -0.003620 
  2370461	 0.000107 -0.002034 
  2371198	-0.256527 -0.284384 
  2371936	-1.119259 -1.141803 
  2372673	-0.040332 -0.040529 
  2373410	-0.040150 -0.040040 
  2374147	-0.001309 -0.001482 
  2374884	-0.000200 -0.000532 
  2371937	-0.040474 -0.040529 
  2372674	-1.119197 -1.141888 
  2373411	-0.040199 -0.040673 
  2374148	 0.000778  0.000392 
  2374885	 0.001220  0.002644 
  2371938	-0.040248 -0.040040 
  2372675	-0.040243 -0.040673 
  2373412	-1.119352 -1.140839 
  2374149	 0.000665  0.001399 
  2374886	-0.001087 -0.002527 
  2371939	-0.001131 -0.001482 
  2372676	 0.000741  0.000392 
  2373413	 0.000688  0.001399 
  2374150	-0.257287 -0.282955 
  2374887	 0.000029 -0.000881 
  2371940	-0.000099 -0.000532 
  2372677	 0.001137  0.002644 
  2373414	-0.001211 -0.002527 
  2374151	 0.000108 -0.000881 
  2374888	-0.256926 -0.281724 
  2375626	-1.118078 -1.141958 
  2376363	-0.040379 -0.040631 
  2377100	-0.040197 -0.040544 
  2377837	-0.001310 -0.002489 
  2378574	-0.000199 -0.001074 
  2375627	-0.040521 -0.040631 
  2376364	-1.118017 -1.141006 
  2377101	-0.040246 -0.040089 
  2377838	 0.000779  0.001458 
  2378575	 0.001220  0.002367 
  2375628	-0.040295 -0.040544 
  2376365	-0.040290 -0.040089 
  2377102	-1.118171 -1.141919 
  2377839	 0.000666  0.001183 
  2378576	-0.001088 -0.001121 
  2375629	-0.001132 -0.002489 
  2376366	 0.000741  0.001458 
  2377103	 0.000689  0.001183 
  2377840	-0.255753 -0.282963 
  2378577	 0.000027  0.000951 
  2375630	-0.000099 -0.001074 
  2376367	 0.001137  0.002367 
  2377104	-0.001211 -0.001121 
  2377841	 0.000106  0.000951 
  2378578	-0.255395 -0.282019 
  2379316	-1.115528 -1.142362 
  2380053	-0.040482 -0.040790 
  2380790	-0.040298 -0.040599 
  2381527	-0.001311 -0.002667 
  2382264	-0.000197 -0.001159 
  2379317	-0.040623 -0.040790 
  2380054	-1.115471 -1.141338 
  2380791	-0.040347 -0.039113 
  2381528	 0.000779  0.002350 
  2382265	 0.001219  0.002066 
  2379318	-0.040396 -0.040599 
  2380055	-0.040391 -0.039113 
  2380792	-1.115622 -1.141927 
  2381529	 0.000669  0.001092 
  2382266	-0.001089 -0.001152 
  2379319	-0.001135 -0.002667 
  2380056	 0.000742  0.002350 
  2380793	 0.000691  0.001092 
  2381530	-0.252444 -0.284056 
  2382267	 0.000023  0.001482 
  2379320	-0.000098 -0.001159 
  2380057	 0.001137  0.002066 
  2380794	-0.001212 -0.001152 
  2381531	 0.000101  0.001482 
  2382268	-0.252089 -0.282434 
  2383006	-1.111763 -1.142157 
  2383743	-0.040633 -0.040634 
  2384480	-0.040448 -0.040409 
  2385217	-0.001314 -0.001835 
  2385954	-0.000195 -0.000629 
  2383007	-0.040773 -0.040634 
  2383744	-1.111711 -1.141849 
  2384481	-0.040496 -0.038851 
  2385218	 0.000780  0.002074 
  2385955	 0.001219  0.001937 
  2383008	-0.040544 -0.040409 
  2383745	-0.040539 -0.038851 
  2384482	-1.111859 -1.140522 
  2385219	 0.000672  0.001248 
  2385956	-0.001092 -0.002537 
  2383009	-0.001139 -0.001835 
  2383746	 0.000743  0.002074 
  2384483	 0.000695  0.001248 
  2385220	-0.247557 -0.284089 
  2385957	 0.000017  0.000076 
  2383010	-0.000097 -0.000629 
  2383747	 0.001138  0.001937 
  2384484	-0.001214 -0.002537 
  2385221	 0.000095  0.000076 
  2385958	-0.247208 -0.281768 
  2386696	-1.120697 -1.141073 
  2387433	-0.040274 -0.040148 
  2388170	-0.040093 -0.040317 
  2388907	-0.001308 -0.001071 
  2389644	-0.000200  0.000119 
  2386697	-0.040416 -0.040148 
  2387434	-1.120633 -1.141474 
  2388171	-0.040142 -0.039445 
  2388908	 0.000778  0.001027 
  2389645	 0.001220  0.001946 
  2386698	-0.040191 -0.040317 
  2387435	-0.040186 -0.039445 
  2388172	-1.120789 -1.138738 
  2388909	 0.000664  0.001674 
  2389646	-0.001086 -0.003572 
  2386699	-0.001130 -0.001071 
  2387436	 0.000740  0.001027 
  2388173	 0.000687  0.001674 
  2388910	-0.259153 -0.282275 
  2389647	 0.000031 -0.001398 
  2386700	-0.000100  0.000119 
  2387437	 0.001137  0.001946 
  2388174	-0.001210 -0.003572 
  2388911	 0.000110 -0.001398 
  2389648	-0.258791 -0.280722 
  2390386	-1.121268 -1.140920 
  2391123	-0.040251 -0.039855 
  2391860	-0.040071 -0.040566 
  2392597	-0.001308 -0.001577 
  2393334	-0.000201  0.000364 
  2390387	-0.040394 -0.039855 
  2391124	-1.121203 -1.141686 
  2391861	-0.040119 -0.040360 
  2392598	 0.000778  0.000187 
  2393335	 0.001220  0.001895 
  2390388	-0.040169 -0.040566 
  2391125	-0.040164 -0.040360 
  2391862	-1.121359 -1.139767 
  2392599	 0.000663  0.002059 
  2393336	-0.001086 -0.003039 
  2390389	-0.001129 -0.001577 
  2391126	 0.000740  0.000187 
  2391863	 0.000686  0.002059 
  2392600	-0.259894 -0.281359 
  2393337	 0.000032 -0.001282 
  2390390	-0.000100  0.000364 
  2391127	 0.001137  0.001895 
  2391864	-0.001210 -0.003039 
  2392601	 0.000111 -0.001282 
  2393338	-0.259530 -0.281847 
  2394076	-1.120172 -1.140878 
  2394813	-0.040295 -0.040085 
  2395550	-0.040114 -0.040642 
  2396287	-0.001309 -0.002912 
  2397024	-0.000200  0.000109 
  2394077	-0.040437 -0.040085 
  2394814	-1.120109 -1.141834 
  2395551	-0.040163 -0.040539 
  2396288	 0.000778  0.000262 
  2397025	 0.001220  0.001604 
  2394078	-0.040212 -0.040642 
  2394815	-0.040207 -0.040539 
  2395552	-1.120264 -1.141897 
  2396289	 0.000664  0.002087 
  2397026	-0.001086 -0.001576 
  2394079	-0.001130 -0.002912 
  2394816	 0.000740  0.000262 
  2395553	 0.000687  0.002087 
  2396290	-0.258472 -0.281370 
  2397027	 0.000030 -0.000082 
  2394080	-0.000100  0.000109 
  2394817	 0.001137  0.001604 
  2395554	-0.001210 -0.001576 
  2396291	 0.000110 -0.000082 
  2397028	-0.258110 -0.283464 
  2397766	-1.117610 -1.139880 
  2398503	-0.040398 -0.040579 
  2399240	-0.040216 -0.040333 
  2399977	-0.001310 -0.003560 
  2400714	-0.000199 -0.000301 
  2397767	-0.040540 -0.040579 
  2398504	-1.117550 -1.141041 
  2399241	-0.040264 -0.039907 
  2399978	 0.000779  0.001158 
  2400715	 0.001220  0.001158 
  2397768	-0.040313 -0.040333 
  2398505	-0.040308 -0.039907 
  2399242	-1.117703 -1.141764 
  2399979	 0.000667  0.001584 
  2400716	-0.001088 -0.001124 
  2397769	-0.001133 -0.003560 
  2398506	 0.000741  0.001158 
  2399243	 0.000690  0.001584 
  2399980	-0.255147 -0.280792 
  2400717	 0.000026  0.000868 
  2397770	-0.000099 -0.000301 
  2398507	 0.001137  0.001158 
  2399244	-0.001211 -0.001124 
  2399981	 0.000105  0.000868 
  2400718	-0.254789 -0.282703 
  2401456	-1.113853 -1.137824 
  2402193	-0.040549 -0.040681 
  2402930	-0.040365 -0.040045 
  2403667	-0.001312 -0.003153 
  2404404	-0.000196 -0.000114 
  2401457	-0.040690 -0.040681 
  2402194	-1.113798 -1.138733 
  2402931	-0.040413 -0.039291 
  2403668	 0.000780  0.001935 
  2404405	 0.001219  0.001123 
  2401458	-0.040462 -0.040045 
  2402195	-0.040457 -0.039291 
  2402932	-1.113948 -1.138551 
  2403669	 0.000670  0.000900 
  2404406	-0.001091 -0.002089 
  2401459	-0.001136 -0.003153 
  2402196	 0.000742  0.001935 
  2402933	 0.000693  0.000900 
  2403670	-0.250270 -0.278536 
  2404407	 0.000020  0.000599 
  2401460	-0.000098 -0.000114 
  2402197	 0.001138  0.001123 
  2402934	-0.001213 -0.002089 
  2403671	 0.000098  0.000599 
  2404408	-0.249918 -0.278837 
  2405146	-1.123320 -1.136958 
  2405883	-0.040168 -0.040093 
  2406620	-0.039989 -0.040226 
  2407357	-0.001307 -0.002166 
  2408094	-0.000202  0.000626 
  2405147	-0.040312 -0.040093 
  2405884	-1.123252 -1.137076 
  2406621	-0.040038 -0.039412 
  2407358	 0.000777  0.002036 
  2408095	 0.001220  0.001597 
  2405148	-0.040088 -0.040226 
  2405885	-0.040083 -0.039412 
  2406622	-1.123411 -1.136072 
  2407359	 0.000661  0.000940 
  2408096	-0.001084 -0.002928 
  2405149	-0.001127 -0.002166 
  2405886	 0.000739  0.002036 
  2406623	 0.000684  0.000940 
  2407360	-0.262558 -0.276836 
  2408097	 0.000035 -0.000256 
  2405150	-0.000101  0.000626 
  2405887	 0.001137  0.001597 
  2406624	-0.001209 -0.002928 
  2407361	 0.000115 -0.000256 
  2408098	-0.262191 -0.276281 
  2408836	-1.124599 -1.138749 
  2409573	-0.040117 -0.039313 
  2410310	-0.039938 -0.040703 
  2411047	-0.001306 -0.002028 
  2411784	-0.000203  0.001129 
  2408837	-0.040261 -0.039313 
  2409574	-1.124529 -1.138604 
  2410311	-0.039987 -0.040081 
  2411048	 0.000777  0.001264 
  2411785	 0.001220  0.001825 
  2408838	-0.040037 -0.040703 
  2409575	-0.040032 -0.040081 
  2410312	-1.124689 -1.137908 
  2411049	 0.000660  0.001597 
  2411786	-0.001084 -0.002619 
  2408839	-0.001126 -0.002028 
  2409576	 0.000739  0.001264 
  2410313	 0.000683  0.001597 
  2411050	-0.264218 -0.278241 
  2411787	 0.000038 -0.000456 
  2408840	-0.000101  0.001129 
  2409577	 0.001137  0.001825 
  2410314	-0.001209 -0.002619 
  2411051	 0.000117 -0.000456 
  2411788	-0.263849 -0.279119 
  2412526	-1.124166 -1.141620 
  2413263	-0.040134 -0.039122 
  2414000	-0.039955 -0.040759 
  2414737	-0.001306 -0.002868 
  2415474	-0.000202  0.001037 
  2412527	-0.040278 -0.039122 
  2413264	-1.124097 -1.142212 
  2414001	-0.040004 -0.040631 
  2414738	 0.000777  0.000492 
  2415475	 0.001220  0.001562 
  2412528	-0.040054 -0.040759 
  2413265	-0.040049 -0.040631 
  2414002	-1.124256 -1.142613 
  2414739	 0.000660  0.002377 
  2415476	-0.001084 -0.001685 
  2412529	-0.001127 -0.002868 
  2413266	 0.000739  0.000492 
  2414003	 0.000684  0.002377 
  2414740	-0.263655 -0.281879 
  2415477	 0.000037 -0.000046 
  2412530	-0.000101  0.001037 
  2413267	 0.001137  0.001562 
  2414004	-0.001209 -0.001685 
  2414741	 0.000117 -0.000046 
  2415478	-0.263287 -0.285153 
  2416216	-1.122143 -1.141712 
  2416953	-0.040215 -0.039681 
  2417690	-0.040036 -0.040181 
  2418427	-0.001308 -0.003987 
  2419164	-0.000201  0.000564 
  2416217	-0.040359 -0.039681 
  2416954	-1.122077 -1.143651 
  2417691	-0.040085 -0.040549 
  2418428	 0.000778  0.000093 
  2419165	 0.001220  0.000953 
  2416218	-0.040134 -0.040181 
  2416955	-0.040129 -0.040549 
  2417692	-1.122234 -1.144629 
  2418429	 0.000662  0.002183 
  2419166	-0.001085 -0.001235 
  2416219	-0.001129 -0.003987 
  2416956	 0.000740  0.000093 
  2417693	 0.000685  0.002183 
  2418430	-0.261030 -0.283018 
  2419167	 0.000034  0.000185 
  2416220	-0.000100  0.000564 
  2416957	 0.001137  0.000953 
  2417694	-0.001210 -0.001235 
  2418431	 0.000113  0.000185 
  2419168	-0.260665 -0.287502 
