-0.717210  -1.063123	1
-0.071205  -0.070343	0
-0.070591  -0.071678	0
-0.001750  -0.000295	0
 0.000241  -0.002587	0
-0.071111  -0.070343	0
-0.718202  -1.061415	1
-0.070573  -0.071618	0
 0.000956  -0.001441	0
 0.001154  -0.000615	0
-0.070526  -0.071678	0
-0.070544  -0.071618	0
-0.717616  -1.061717	1
 0.001398  -0.000902	0
-0.001586   0.004111	0
-0.001868  -0.000295	0
 0.000981  -0.001441	0
 0.001383  -0.000902	0
 0.373240   0.025404	1
-0.001204  -0.000045	0
 0.000175  -0.002587	0
 0.001209  -0.000615	0
-0.001504   0.004111	0
-0.001256  -0.000045	0
 0.372439   0.028016	1
-0.717210  -1.062867	1
-0.071205  -0.070391	0
-0.070591  -0.072608	0
-0.001750   0.001890	0
 0.000241  -0.000733	0
-0.071111  -0.070391	0
-0.718202  -1.062444	1
-0.070573  -0.071115	0
 0.000956  -0.001825	0
 0.001154   0.001057	0
-0.070526  -0.072608	0
-0.070544  -0.071115	0
-0.717616  -1.060771	1
 0.001398  -0.001067	0
-0.001586   0.000716	0
-0.001868   0.001890	0
 0.000981  -0.001825	0
 0.001383  -0.001067	0
 0.373240   0.036923	1
-0.001204   0.003184	0
 0.000175  -0.000733	0
 0.001209   0.001057	0
-0.001504   0.000716	0
-0.001256   0.003184	0
 0.372439   0.022065	1
-0.783658  -1.062358	1
-0.068530  -0.071156	0
-0.067953  -0.072001	0
-0.001712  -0.001312	0
 0.000203   0.001617	0
-0.068456  -0.071156	0
-0.784559  -1.063078	1
-0.067941  -0.072080	0
 0.000941   0.001453	0
 0.001160  -0.002551	0
-0.067902  -0.072001	0
-0.067918  -0.072080	0
-0.784038  -1.060970	1
 0.001335   0.001967	0
-0.001542  -0.000765	0
-0.001804  -0.001312	0
 0.000960   0.001453	0
 0.001323   0.001967	0
 0.286993   0.028236	1
-0.001097   0.002678	0
 0.000151   0.001617	0
 0.001203  -0.002551	0
-0.001478  -0.000765	0
-0.001138   0.002678	0
 0.286292   0.023052	1
-0.770171  -1.062002	1
-0.069073  -0.071740	0
-0.068488  -0.070944	0
-0.001720  -0.001271	0
 0.000211  -0.000687	0
-0.068995  -0.071740	0
-0.771091  -1.062477	1
-0.068475  -0.073300	0
 0.000944   0.005915	0
 0.001159  -0.001144	0
-0.068435  -0.070944	0
-0.068451  -0.073300	0
-0.770556  -1.062232	1
 0.001348  -0.000315	0
-0.001551  -0.000983	0
-0.001817  -0.001271	0
 0.000964   0.005915	0
 0.001335  -0.000315	0
 0.304498   0.028186	1
-0.001119  -0.002186	0
 0.000156  -0.000687	0
 0.001204  -0.001144	0
-0.001483  -0.000983	0
-0.001162  -0.002186	0
 0.303777   0.024933	1
-0.754397  -1.062003	1
-0.069708  -0.071881	0
-0.069114  -0.070096	0
-0.001729   0.002633	0
 0.000220   0.000127	0
-0.069625  -0.071881	0
-0.755338  -1.061334	1
-0.069100  -0.073383	0
 0.000947   0.001025	0
 0.001158   0.000413	0
-0.069057  -0.070096	0
-0.069074  -0.073383	0
-0.754789  -1.063151	1
 0.001363   0.000180	0
-0.001561  -0.003974	0
-0.001832   0.002633	0
 0.000969   0.001025	0
 0.001349   0.000180	0
 0.324972   0.036827	1
-0.001144  -0.005062	0
 0.000161   0.000127	0
 0.001206   0.000413	0
-0.001489  -0.003974	0
-0.001190  -0.005062	0
 0.324227   0.020679	1
-0.717210  -1.062378	1
-0.071205  -0.071315	0
-0.070591  -0.070208	0
-0.001750   0.000002	0
 0.000241   0.000693	0
-0.071111  -0.071315	0
-0.718202  -1.060765	1
-0.070573  -0.072570	0
 0.000956  -0.002901	0
 0.001154  -0.003168	0
-0.070526  -0.070208	0
-0.070544  -0.072570	0
-0.717616  -1.062751	1
 0.001398   0.002370	0
-0.001586  -0.000046	0
-0.001868   0.000002	0
 0.000981  -0.002901	0
 0.001383   0.002370	0
 0.373240   0.025758	1
-0.001204  -0.003675	0
 0.000175   0.000693	0
 0.001209  -0.003168	0
-0.001504  -0.000046	0
-0.001256  -0.003675	0
 0.372439   0.026942	1
-0.717210  -1.064939	1
-0.071205  -0.071057	0
-0.070591  -0.072224	0
-0.001750   0.001804	0
 0.000241   0.000800	0
-0.071111  -0.071057	0
-0.718202  -1.061725	1
-0.070573  -0.071753	0
 0.000956  -0.003982	0
 0.001154   0.000808	0
-0.070526  -0.072224	0
-0.070544  -0.071753	0
-0.717616  -1.062645	1
 0.001398  -0.001525	0
-0.001586   0.000702	0
-0.001868   0.001804	0
 0.000981  -0.003982	0
 0.001383  -0.001525	0
 0.373240   0.030976	1
-0.001204  -0.002000	0
 0.000175   0.000800	0
 0.001209   0.000808	0
-0.001504   0.000702	0
-0.001256  -0.002000	0
 0.372439   0.022062	1
-0.717210  -1.065019	1
-0.071205  -0.070049	0
-0.070591  -0.073189	0
-0.001750  -0.001993	0
 0.000241   0.001250	0
-0.071111  -0.070049	0
-0.718202  -1.062080	1
-0.070573  -0.071901	0
 0.000956  -0.004696	0
 0.001154  -0.002627	0
-0.070526  -0.073189	0
-0.070544  -0.071901	0
-0.717616  -1.062325	1
 0.001398   0.000078	0
-0.001586   0.001672	0
-0.001868  -0.001993	0
 0.000981  -0.004696	0
 0.001383   0.000078	0
 0.373240   0.022694	1
-0.001204   0.003486	0
 0.000175   0.001250	0
 0.001209  -0.002627	0
-0.001504   0.001672	0
-0.001256   0.003486	0
 0.372439   0.024242	1
-0.717210  -1.063305	1
-0.071205  -0.069911	0
-0.070591  -0.073481	0
-0.001750  -0.003783	0
 0.000241  -0.001017	0
-0.071111  -0.069911	0
-0.718202  -1.061967	1
-0.070573  -0.071919	0
 0.000956   0.001787	0
 0.001154  -0.000602	0
-0.070526  -0.073481	0
-0.070544  -0.071919	0
-0.717616  -1.061451	1
 0.001398  -0.003066	0
-0.001586   0.001179	0
-0.001868  -0.003783	0
 0.000981   0.001787	0
 0.001383  -0.003066	0
 0.373240   0.025996	1
-0.001204   0.005284	0
 0.000175  -0.001017	0
 0.001209  -0.000602	0
-0.001504   0.001179	0
-0.001256   0.005284	0
 0.372439   0.026094	1
-0.717210  -1.061570	1
-0.071205  -0.071208	0
-0.070591  -0.072421	0
-0.001750  -0.001073	0
 0.000241   0.001825	0
-0.071111  -0.071208	0
-0.718202  -1.061430	1
-0.070573  -0.072096	0
 0.000956   0.003354	0
 0.001154   0.001893	0
-0.070526  -0.072421	0
-0.070544  -0.072096	0
-0.717616  -1.060753	1
 0.001398  -0.002237	0
-0.001586  -0.005574	0
-0.001868  -0.001073	0
 0.000981   0.003354	0
 0.001383  -0.002237	0
 0.373240   0.040096	1
-0.001204   0.002061	0
 0.000175   0.001825	0
 0.001209   0.001893	0
-0.001504  -0.005574	0
-0.001256   0.002061	0
 0.372439   0.024407	1
-0.717210  -1.061477	1
-0.071205  -0.072197	0
-0.070591  -0.071107	0
-0.001750  -0.003037	0
 0.000241   0.005005	0
-0.071111  -0.072197	0
-0.718202  -1.060921	1
-0.070573  -0.072392	0
 0.000956   0.002752	0
 0.001154  -0.001021	0
-0.070526  -0.071107	0
-0.070544  -0.072392	0
-0.717616  -1.061483	1
 0.001398   0.001745	0
-0.001586  -0.004259	0
-0.001868  -0.003037	0
 0.000981   0.002752	0
 0.001383   0.001745	0
 0.373240   0.027114	1
-0.001204  -0.002763	0
 0.000175   0.005005	0
 0.001209  -0.001021	0
-0.001504  -0.004259	0
-0.001256  -0.002763	0
 0.372439   0.029777	1
-0.717210  -1.063194	1
-0.071205  -0.071911	0
-0.070591  -0.071121	0
-0.001750  -0.001695	0
 0.000241   0.001327	0
-0.071111  -0.071911	0
-0.718202  -1.061015	1
-0.070573  -0.072207	0
 0.000956   0.002195	0
 0.001154   0.000240	0
-0.070526  -0.071121	0
-0.070544  -0.072207	0
-0.717616  -1.062366	1
 0.001398  -0.000770	0
-0.001586   0.001394	0
-0.001868  -0.001695	0
 0.000981   0.002195	0
 0.001383  -0.000770	0
 0.373240   0.023287	1
-0.001204  -0.005461	0
 0.000175   0.001327	0
 0.001209   0.000240	0
-0.001504   0.001394	0
-0.001256  -0.005461	0
 0.372439   0.029884	1
-0.717210  -1.065628	1
-0.071205  -0.072714	0
-0.070591  -0.072394	0
-0.001750  -0.000440	0
 0.000241   0.004304	0
-0.071111  -0.072714	0
-0.718202  -1.063819	1
-0.070573  -0.071434	0
 0.000956  -0.002754	0
 0.001154  -0.001577	0
-0.070526  -0.072394	0
-0.070544  -0.071434	0
-0.717616  -1.063573	1
 0.001398   0.001083	0
-0.001586   0.002290	0
-0.001868  -0.000440	0
 0.000981  -0.002754	0
 0.001383   0.001083	0
 0.373240   0.015665	1
-0.001204  -0.003071	0
 0.000175   0.004304	0
 0.001209  -0.001577	0
-0.001504   0.002290	0
-0.001256  -0.003071	0
 0.372439   0.025023	1
-0.717210  -1.066771	1
-0.071205  -0.071179	0
-0.070591  -0.073534	0
-0.001750  -0.000758	0
 0.000241  -0.000652	0
-0.071111  -0.071179	0
-0.718202  -1.063983	1
-0.070573  -0.072164	0
 0.000956  -0.002203	0
 0.001154  -0.001467	0
-0.070526  -0.073534	0
-0.070544  -0.072164	0
-0.717616  -1.064470	1
 0.001398  -0.002819	0
-0.001586   0.004670	0
-0.001868  -0.000758	0
 0.000981  -0.002203	0
 0.001383  -0.002819	0
 0.373240   0.015426	1
-0.001204   0.000915	0
 0.000175  -0.000652	0
 0.001209  -0.001467	0
-0.001504   0.004670	0
-0.001256   0.000915	0
 0.372439   0.022340	1
-0.717210  -1.065302	1
-0.071205  -0.070487	0
-0.070591  -0.073914	0
-0.001750   0.000919	0
 0.000241  -0.000425	0
-0.071111  -0.070487	0
-0.718202  -1.063059	1
-0.070573  -0.072234	0
 0.000956  -0.003486	0
 0.001154   0.000085	0
-0.070526  -0.073914	0
-0.070544  -0.072234	0
-0.717616  -1.064126	1
 0.001398  -0.003980	0
-0.001586  -0.001128	0
-0.001868   0.000919	0
 0.000981  -0.003486	0
 0.001383  -0.003980	0
 0.373240   0.028930	1
-0.001204   0.005221	0
 0.000175  -0.000425	0
 0.001209   0.000085	0
-0.001504  -0.001128	0
-0.001256   0.005221	0
 0.372439   0.019172	1
-0.717210  -1.062291	1
-0.071205  -0.070966	0
-0.070591  -0.073136	0
-0.001750  -0.003825	0
 0.000241   0.002450	0
-0.071111  -0.070966	0
-0.718202  -1.062040	1
-0.070573  -0.071910	0
 0.000956  -0.000635	0
 0.001154  -0.001930	0
-0.070526  -0.073136	0
-0.070544  -0.071910	0
-0.717616  -1.062605	1
 0.001398  -0.001183	0
-0.001586  -0.003337	0
-0.001868  -0.003825	0
 0.000981  -0.000635	0
 0.001383  -0.001183	0
 0.373240   0.022924	1
-0.001204   0.005476	0
 0.000175   0.002450	0
 0.001209  -0.001930	0
-0.001504  -0.003337	0
-0.001256   0.005476	0
 0.372439   0.028540	1
-0.717210  -1.060758	1
-0.071205  -0.072295	0
-0.070591  -0.072155	0
-0.001750  -0.004106	0
 0.000241   0.001571	0
-0.071111  -0.072295	0
-0.718202  -1.061304	1
-0.070573  -0.071266	0
 0.000956   0.005199	0
 0.001154   0.001796	0
-0.070526  -0.072155	0
-0.070544  -0.071266	0
-0.717616  -1.061368	1
 0.001398  -0.002830	0
-0.001586  -0.001494	0
-0.001868  -0.004106	0
 0.000981   0.005199	0
 0.001383  -0.002830	0
 0.373240   0.023179	1
-0.001204   0.000614	0
 0.000175   0.001571	0
 0.001209   0.001796	0
-0.001504  -0.001494	0
-0.001256   0.000614	0
 0.372439   0.035850	1
-0.717210  -1.062639	1
-0.071205  -0.073259	0
-0.070591  -0.071893	0
-0.001750   0.001113	0
 0.000241   0.003983	0
-0.071111  -0.073259	0
-0.718202  -1.062183	1
-0.070573  -0.070846	0
 0.000956   0.001664	0
 0.001154   0.003891	0
-0.070526  -0.071893	0
-0.070544  -0.070846	0
-0.717616  -1.061950	1
 0.001398  -0.001456	0
-0.001586  -0.001894	0
-0.001868   0.001113	0
 0.000981   0.001664	0
 0.001383  -0.001456	0
 0.373240   0.029795	1
-0.001204  -0.003408	0
 0.000175   0.003983	0
 0.001209   0.003891	0
-0.001504  -0.001894	0
-0.001256  -0.003408	0
 0.372439   0.027947	1
-0.717210  -1.064192	1
-0.071205  -0.073739	0
-0.070591  -0.072424	0
-0.001750   0.000619	0
 0.000241   0.001170	0
-0.071111  -0.073739	0
-0.718202  -1.065226	1
-0.070573  -0.070486	0
 0.000956   0.002112	0
 0.001154   0.001203	0
-0.070526  -0.072424	0
-0.070544  -0.070486	0
-0.717616  -1.063095	1
 0.001398  -0.000572	0
-0.001586   0.005233	0
-0.001868   0.000619	0
 0.000981   0.002112	0
 0.001383  -0.000572	0
 0.373240   0.014214	1
-0.001204  -0.002776	0
 0.000175   0.001170	0
 0.001209   0.001203	0
-0.001504   0.005233	0
-0.001256  -0.002776	0
 0.372439   0.028429	1
-0.717210  -1.066678	1
-0.071205  -0.073112	0
-0.070591  -0.072898	0
-0.001750   0.004615	0
 0.000241   0.000647	0
-0.071111  -0.073112	0
-0.718202  -1.066359	1
-0.070573  -0.071721	0
 0.000956  -0.002459	0
 0.001154   0.000423	0
-0.070526  -0.072898	0
-0.070544  -0.071721	0
-0.717616  -1.065466	1
 0.001398  -0.001605	0
-0.001586   0.002682	0
-0.001868   0.004615	0
 0.000981  -0.002459	0
 0.001383  -0.001605	0
 0.373240   0.020986	1
-0.001204  -0.001239	0
 0.000175   0.000647	0
 0.001209   0.000423	0
-0.001504   0.002682	0
-0.001256  -0.001239	0
 0.372439   0.015958	1
-0.717210  -1.066346	1
-0.071205  -0.071857	0
-0.070591  -0.072872	0
-0.001750   0.001421	0
 0.000241   0.000357	0
-0.071111  -0.071857	0
-0.718202  -1.065301	1
-0.070573  -0.072998	0
 0.000956  -0.004254	0
 0.001154  -0.004160	0
-0.070526  -0.072872	0
-0.070544  -0.072998	0
-0.717616  -1.066440	1
 0.001398  -0.000261	0
-0.001586   0.001379	0
-0.001868   0.001421	0
 0.000981  -0.004254	0
 0.001383  -0.000261	0
 0.373240   0.013833	1
-0.001204   0.002184	0
 0.000175   0.000357	0
 0.001209  -0.004160	0
-0.001504   0.001379	0
-0.001256   0.002184	0
 0.372439   0.017754	1
-0.717210  -1.063714	1
-0.071205  -0.071205	0
-0.070591  -0.072730	0
-0.001750  -0.000574	0
 0.000241  -0.002846	0
-0.071111  -0.071205	0
-0.718202  -1.063501	1
-0.070573  -0.072595	0
 0.000956  -0.000251	0
 0.001154  -0.002008	0
-0.070526  -0.072730	0
-0.070544  -0.072595	0
-0.717616  -1.065504	1
 0.001398  -0.003514	0
-0.001586   0.000816	0
-0.001868  -0.000574	0
 0.000981  -0.000251	0
 0.001383  -0.003514	0
 0.373240   0.017106	1
-0.001204   0.003894	0
 0.000175  -0.002846	0
 0.001209  -0.002008	0
-0.001504   0.000816	0
-0.001256   0.003894	0
 0.372439   0.025280	1
-0.717210  -1.061044	1
-0.071205  -0.072152	0
-0.070591  -0.072086	0
-0.001750   0.001830	0
 0.000241   0.000049	0
-0.071111  -0.072152	0
-0.718202  -1.062237	1
-0.070573  -0.071010	0
 0.000956  -0.000207	0
 0.001154   0.002012	0
-0.070526  -0.072086	0
-0.070544  -0.071010	0
-0.717616  -1.062951	1
 0.001398  -0.002841	0
-0.001586  -0.003422	0
-0.001868   0.001830	0
 0.000981  -0.000207	0
 0.001383  -0.002841	0
 0.373240   0.029344	1
-0.001204   0.002747	0
 0.000175   0.000049	0
 0.001209   0.002012	0
-0.001504  -0.003422	0
-0.001256   0.002747	0
 0.372439   0.028450	1
-0.725409  -1.061162	1
-0.070875  -0.073520	0
-0.070265  -0.071716	0
-0.001745  -0.000531	0
 0.000236   0.003755	0
-0.070783  -0.073520	0
-0.726390  -1.063005	1
-0.070248  -0.070073	0
 0.000954   0.000450	0
 0.001155   0.000239	0
-0.070202  -0.071716	0
-0.070220  -0.070073	0
-0.725813  -1.061735	1
 0.001390   0.001205	0
-0.001580   0.000082	0
-0.001860  -0.000531	0
 0.000978   0.000450	0
 0.001376   0.001205	0
 0.362597   0.018361	1
-0.001191  -0.000051	0
 0.000172   0.003755	0
 0.001208   0.000239	0
-0.001500   0.000082	0
-0.001242  -0.000051	0
 0.361808   0.034658	1
-0.746473  -1.062401	1
-0.070027  -0.073383	0
-0.069429  -0.071881	0
-0.001733   0.004628	0
 0.000224   0.000457	0
-0.069941  -0.073383	0
-0.747425  -1.064994	1
-0.069414  -0.069859	0
 0.000949  -0.000135	0
 0.001157   0.002531	0
-0.069370  -0.071881	0
-0.069387  -0.069859	0
-0.746868  -1.062049	1
 0.001370   0.000139	0
-0.001567   0.002091	0
-0.001840   0.004628	0
 0.000972  -0.000135	0
 0.001356   0.000139	0
 0.335257   0.027256	1
-0.001157  -0.000713	0
 0.000164   0.000457	0
 0.001206   0.002531	0
-0.001492   0.002091	0
-0.001204  -0.000713	0
 0.334500   0.025373	1
-0.731300  -1.064639	1
-0.070638  -0.073504	0
-0.070031  -0.071952	0
-0.001742   0.002823	0
 0.000233   0.001871	0
-0.070548  -0.073504	0
-0.732273  -1.066806	1
-0.070015  -0.071415	0
 0.000953  -0.000751	0
 0.001156  -0.002300	0
-0.069969  -0.071952	0
-0.069987  -0.071415	0
-0.731701  -1.064034	1
 0.001385   0.002572	0
-0.001576   0.003813	0
-0.001854   0.002823	0
 0.000977  -0.000751	0
 0.001370   0.002572	0
 0.354951   0.016150	1
-0.001181  -0.001239	0
 0.000170   0.001871	0
 0.001208  -0.002300	0
-0.001498   0.003813	0
-0.001231  -0.001239	0
 0.354171   0.020612	1
-0.717210  -1.065357	1
-0.071205  -0.072728	0
-0.070591  -0.071924	0
-0.001750   0.002695	0
 0.000241  -0.002635	0
-0.071111  -0.072728	0
-0.718202  -1.066529	1
-0.070573  -0.073070	0
 0.000956   0.001156	0
 0.001154  -0.002715	0
-0.070526  -0.071924	0
-0.070544  -0.073070	0
-0.717616  -1.066304	1
 0.001398  -0.000821	0
-0.001586   0.004267	0
-0.001868   0.002695	0
 0.000981   0.001156	0
 0.001383  -0.000821	0
 0.373240   0.015889	1
-0.001204  -0.001067	0
 0.000175  -0.002635	0
 0.001209  -0.002715	0
-0.001504   0.004267	0
-0.001256  -0.001067	0
 0.372439   0.017224	1
-0.717210  -1.064143	1
-0.071205  -0.072202	0
-0.070591  -0.071369	0
-0.001750   0.005271	0
 0.000241  -0.002986	0
-0.071111  -0.072202	0
-0.718202  -1.064548	1
-0.070573  -0.073347	0
 0.000956  -0.001916	0
 0.001154  -0.001511	0
-0.070526  -0.071369	0
-0.070544  -0.073347	0
-0.717616  -1.066809	1
 0.001398  -0.001461	0
-0.001586  -0.001425	0
-0.001868   0.005271	0
 0.000981  -0.001916	0
 0.001383  -0.001461	0
 0.373240   0.026355	1
-0.001204   0.000446	0
 0.000175  -0.002986	0
 0.001209  -0.001511	0
-0.001504  -0.001425	0
-0.001256   0.000446	0
 0.372439   0.015365	1
-0.717210  -1.061761	1
-0.071205  -0.071944	0
-0.070591  -0.070859	0
-0.001750   0.001533	0
 0.000241  -0.000924	0
-0.071111  -0.071944	0
-0.718202  -1.062635	1
-0.070573  -0.072215	0
 0.000956  -0.002546	0
 0.001154  -0.003345	0
-0.070526  -0.070859	0
-0.070544  -0.072215	0
-0.717616  -1.064874	1
 0.001398   0.001045	0
-0.001586  -0.000878	0
-0.001868   0.001533	0
 0.000981  -0.002546	0
 0.001383   0.001045	0
 0.373240   0.020112	1
-0.001204   0.001341	0
 0.000175  -0.000924	0
 0.001209  -0.003345	0
-0.001504  -0.000878	0
-0.001256   0.001341	0
 0.372439   0.027512	1
-0.759116  -1.060877	1
-0.069518  -0.072372	0
-0.068927  -0.071273	0
-0.001726   0.001030	0
 0.000217  -0.002405	0
-0.069436  -0.072372	0
-0.760051  -1.062799	1
-0.068913  -0.070475	0
 0.000946   0.001166	0
 0.001158   0.000592	0
-0.068871  -0.071273	0
-0.068888  -0.070475	0
-0.759506  -1.062402	1
 0.001358  -0.000736	0
-0.001558   0.003008	0
-0.001828   0.001030	0
 0.000968   0.001166	0
 0.001345  -0.000736	0
 0.318847   0.020120	1
-0.001137   0.000377	0
 0.000160  -0.002405	0
 0.001205   0.000592	0
-0.001488   0.003008	0
-0.001182   0.000377	0
 0.318110   0.033248	1
-0.777813  -1.061681	1
-0.068765  -0.071741	0
-0.068185  -0.071331	0
-0.001715   0.001091	0
 0.000206   0.000149	0
-0.068689  -0.071741	0
-0.778722  -1.062937	1
-0.068173  -0.070570	0
 0.000942  -0.002349	0
 0.001160  -0.001663	0
-0.068133  -0.071331	0
-0.068149  -0.070570	0
-0.778194  -1.061380	1
 0.001340   0.002677	0
-0.001546   0.003025	0
-0.001810   0.001091	0
 0.000962  -0.002349	0
 0.001328   0.002677	0
 0.294580   0.024089	1
-0.001107   0.001080	0
 0.000153   0.000149	0
 0.001203  -0.001663	0
-0.001480   0.003025	0
-0.001148   0.001080	0
 0.293871   0.029632	1
-0.766266  -1.062714	1
-0.069230  -0.071999	0
-0.068643  -0.071931	0
-0.001722   0.001114	0
 0.000213  -0.001804	0
-0.069151  -0.071999	0
-0.767191  -1.064848	1
-0.068630  -0.071106	0
 0.000945   0.002559	0
 0.001159  -0.000072	0
-0.068589  -0.071931	0
-0.068605  -0.071106	0
-0.766653  -1.061762	1
 0.001351   0.000030	0
-0.001554   0.005175	0
-0.001821   0.001114	0
 0.000966   0.002559	0
 0.001338   0.000030	0
 0.309567   0.023045	1
-0.001125   0.000649	0
 0.000157  -0.001804	0
 0.001205  -0.000072	0
-0.001485   0.005175	0
-0.001169   0.000649	0
 0.308840   0.024219	1
-0.752049  -1.063477	1
-0.069802  -0.072604	0
-0.069208  -0.071379	0
-0.001730   0.004655	0
 0.000221  -0.000990	0
-0.069719  -0.072604	0
-0.752993  -1.065411	1
-0.069193  -0.072577	0
 0.000948   0.001709	0
 0.001157  -0.000069	0
-0.069150  -0.071379	0
-0.069167  -0.072577	0
-0.752441  -1.063602	1
 0.001365   0.000078	0
-0.001563  -0.000242	0
-0.001834   0.004655	0
 0.000970   0.001709	0
 0.001351   0.000078	0
 0.328020   0.032041	1
-0.001148  -0.000879	0
 0.000162  -0.000990	0
 0.001206  -0.000069	0
-0.001490  -0.000242	0
-0.001194  -0.000879	0
 0.327272   0.014732	1
-0.735505  -1.063199	1
-0.070468  -0.072377	0
-0.069864  -0.070293	0
-0.001740   0.002108	0
 0.000230  -0.000221	0
-0.070380  -0.072377	0
-0.736472  -1.064215	1
-0.069848  -0.073942	0
 0.000952   0.000137	0
 0.001156  -0.004530	0
-0.069803  -0.070293	0
-0.069821  -0.073942	0
-0.735905  -1.065255	1
 0.001381   0.002620	0
-0.001574  -0.001345	0
-0.001850   0.002108	0
 0.000975   0.000137	0
 0.001366   0.002620	0
 0.349493   0.023093	1
-0.001175  -0.002507	0
 0.000168  -0.000221	0
 0.001207  -0.004530	0
-0.001497  -0.001345	0
-0.001224  -0.002507	0
 0.348719   0.018020	1
-0.717285  -1.062003	1
-0.071202  -0.071663	0
-0.070588  -0.070014	0
-0.001750   0.001645	0
 0.000241  -0.003990	0
-0.071108  -0.071663	0
-0.718277  -1.062180	1
-0.070570  -0.073433	0
 0.000956   0.000917	0
 0.001154  -0.002468	0
-0.070523  -0.070014	0
-0.070541  -0.073433	0
-0.717692  -1.064843	1
 0.001398  -0.000338	0
-0.001586   0.000927	0
-0.001868   0.001645	0
 0.000981   0.000917	0
 0.001383  -0.000338	0
 0.373142   0.024020	1
-0.001204  -0.002953	0
 0.000175  -0.003990	0
 0.001209  -0.002468	0
-0.001504   0.000927	0
-0.001256  -0.002953	0
 0.372341   0.025063	1
-0.717210  -1.061399	1
-0.071205  -0.071544	0
-0.070591  -0.070613	0
-0.001750   0.004297	0
 0.000241  -0.002408	0
-0.071111  -0.071544	0
-0.718202  -1.061658	1
-0.070573  -0.071509	0
 0.000956  -0.002794	0
 0.001154   0.000438	0
-0.070526  -0.070613	0
-0.070544  -0.071509	0
-0.717616  -1.062911	1
 0.001398   0.000093	0
-0.001586  -0.000377	0
-0.001868   0.004297	0
 0.000981  -0.002794	0
 0.001383   0.000093	0
 0.373240   0.033089	1
-0.001204  -0.000943	0
 0.000175  -0.002408	0
 0.001209   0.000438	0
-0.001504  -0.000377	0
-0.001256  -0.000943	0
 0.372439   0.025310	1
-1.483608  -1.139013	2
-0.040350  -0.040347	0
-0.040168  -0.039411	0
-0.001309  -0.003938	0
-0.000199   0.000347	0
-0.040492  -0.040347	0
-1.483546  -1.141372	2
-0.040216  -0.040184	0
 0.000778   0.000629	0
 0.001220   0.000892	0
-0.040266  -0.039411	0
-0.040261  -0.040184	0
-1.483700  -1.141717	2
 0.000665   0.001187	0
-0.001087  -0.001862	0
-0.001132  -0.003938	0
 0.000741   0.000629	0
 0.000688   0.001187	0
-0.621503  -0.280254	2
 0.000028   0.000027	0
-0.000099   0.000347	0
 0.001137   0.000892	0
-0.001211  -0.001862	0
 0.000107   0.000027	0
-0.621143  -0.283393	2
-1.479268  -1.136268	2
-0.040524  -0.040267	0
-0.040340  -0.039416	0
-0.001312  -0.002972	0
-0.000197   0.000630	0
-0.040665  -0.040267	0
-1.479213  -1.137166	2
-0.040388  -0.040133	0
 0.000779   0.001598	0
 0.001219   0.001520	0
-0.040437  -0.039416	0
-0.040432  -0.040133	0
-1.479363  -1.137240	2
 0.000670   0.000347	0
-0.001090  -0.002557	0
-0.001136  -0.002972	0
 0.000742   0.001598	0
 0.000692   0.000347	0
-0.615871  -0.276383	2
 0.000021  -0.000106	0
-0.000098   0.000630	0
 0.001138   0.001520	0
-0.001213  -0.002557	0
 0.000099  -0.000106	0
-0.615517  -0.277036	2
-1.481435  -1.137296	2
-0.040437  -0.039406	0
-0.040254  -0.040071	0
-0.001311  -0.002402	0
-0.000198   0.000989	0
-0.040578  -0.039406	0
-1.481377  -1.136301	2
-0.040302  -0.040245	0
 0.000779   0.002038	0
 0.001220   0.002299	0
-0.040352  -0.040071	0
-0.040347  -0.040245	0
-1.481529  -1.137179	2
 0.000668   0.000514	0
-0.001089  -0.002147	0
-0.001134  -0.002402	0
 0.000742   0.002038	0
 0.000690   0.000514	0
-0.618683  -0.276843	2
 0.000025   0.000352	0
-0.000099   0.000989	0
 0.001137   0.002299	0
-0.001212  -0.002147	0
 0.000103   0.000352	0
-0.618327  -0.276643	2
-1.494246  -1.142117	2
-0.039921  -0.038809	0
-0.039746  -0.040619	0
-0.001303  -0.002731	0
-0.000205   0.000848	0
-0.040067  -0.038809	0
-1.494170  -1.140776	2
-0.039795  -0.040410	0
 0.000776   0.001596	0
 0.001221   0.002414	0
-0.039846  -0.040619	0
-0.039840  -0.040410	0
-1.494334  -1.142449	2
 0.000655   0.001458	0
-0.001080  -0.001277	0
-0.001122  -0.002731	0
 0.000738   0.001596	0
 0.000679   0.001458	0
-0.635310  -0.282574	2
 0.000045   0.000977	0
-0.000103   0.000848	0
 0.001136   0.002414	0
-0.001207  -0.001277	0
 0.000126   0.000977	0
-0.634934  -0.283808	2
-1.492518  -1.145521	2
-0.039991  -0.039147	0
-0.039814  -0.040322	0
-0.001304  -0.003406	0
-0.000204   0.000450	0
-0.040136  -0.039147	0
-1.492444  -1.145786	2
-0.039863  -0.040529	0
 0.000776   0.000551	0
 0.001220   0.001901	0
-0.039914  -0.040322	0
-0.039909  -0.040529	0
-1.492607  -1.147184	2
 0.000657   0.002204	0
-0.001081  -0.001059	0
-0.001123  -0.003406	0
 0.000738   0.000551	0
 0.000680   0.002204	0
-0.633068  -0.287703	2
 0.000043   0.000618	0
-0.000102   0.000450	0
 0.001136   0.001901	0
-0.001208  -0.001059	0
 0.000123   0.000618	0
-0.632695  -0.290831	2
-1.489414  -1.144392	2
-0.040116  -0.039961	0
-0.039937  -0.039358	0
-0.001306  -0.003439	0
-0.000203   0.000194	0
-0.040260  -0.039961	0
-1.489345  -1.146317	2
-0.039986  -0.040536	0
 0.000777  -0.000069	0
 0.001220   0.001562	0
-0.040037  -0.039358	0
-0.040031  -0.040536	0
-1.489505  -1.146581	2
 0.000660   0.001810	0
-0.001084  -0.001879	0
-0.001126  -0.003439	0
 0.000739  -0.000069	0
 0.000683   0.001810	0
-0.629039  -0.287243	2
 0.000038  -0.000520	0
-0.000101   0.000194	0
 0.001137   0.001562	0
-0.001209  -0.001879	0
 0.000117  -0.000520	0
-0.628671  -0.290416	2
-1.480338  -1.140450	2
-0.040481  -0.040388	0
-0.040298  -0.038809	0
-0.001311  -0.002951	0
-0.000197   0.000200	0
-0.040622  -0.040388	0
-1.480281  -1.142131	2
-0.040346  -0.040618	0
 0.000779   0.000326	0
 0.001219   0.001917	0
-0.040395  -0.038809	0
-0.040390  -0.040618	0
-1.480432  -1.141831	2
 0.000669   0.000557	0
-0.001089  -0.002730	0
-0.001135  -0.002951	0
 0.000742   0.000326	0
 0.000691   0.000557	0
-0.617258  -0.282342	2
 0.000023  -0.001020	0
-0.000098   0.000200	0
 0.001137   0.001917	0
-0.001212  -0.002730	0
 0.000101  -0.001020	0
-0.616904  -0.283400	2
-1.481595  -1.138608	2
-0.040431  -0.040044	0
-0.040248  -0.039268	0
-0.001311  -0.002255	0
-0.000198   0.000224	0
-0.040572  -0.040044	0
-1.481536  -1.137917	2
-0.040296  -0.040716	0
 0.000779   0.001492	0
 0.001220   0.002764	0
-0.040345  -0.039268	0
-0.040340  -0.040716	0
-1.481688  -1.138779	2
 0.000667   0.000035	0
-0.001089  -0.002293	0
-0.001134  -0.002255	0
 0.000742   0.001492	0
 0.000690   0.000035	0
-0.618890  -0.279293	2
 0.000025  -0.000160	0
-0.000099   0.000224	0
 0.001137   0.002764	0
-0.001212  -0.002293	0
 0.000104  -0.000160	0
-0.618533  -0.278057	2
-1.481670  -1.141577	2
-0.040428  -0.039427	0
-0.040245  -0.040180	0
-0.001311  -0.002232	0
-0.000198  -0.000145	0
-0.040569  -0.039427	0
-1.481611  -1.138931	2
-0.040293  -0.040375	0
 0.000779   0.002193	0
 0.001220   0.003133	0
-0.040342  -0.040180	0
-0.040337  -0.040375	0
-1.481763  -1.141199	2
 0.000667   0.000411	0
-0.001089  -0.001040	0
-0.001134  -0.002232	0
 0.000741   0.002193	0
 0.000690   0.000411	0
-0.618987  -0.282415	2
 0.000025   0.001344	0
-0.000099  -0.000145	0
 0.001137   0.003133	0
-0.001212  -0.001040	0
 0.000104   0.001344	0
-0.618630  -0.280774	2
-1.480429  -1.146841	2
-0.040477  -0.039375	0
-0.040294  -0.040484	0
-0.001311  -0.002496	0
-0.000197  -0.000572	0
-0.040619  -0.039375	0
-1.480372  -1.144580	2
-0.040342  -0.039956	0
 0.000779   0.001930	0
 0.001219   0.002992	0
-0.040391  -0.040484	0
-0.040386  -0.039956	0
-1.480523  -1.146517	2
 0.000668   0.001385	0
-0.001089  -0.000681	0
-0.001135  -0.002496	0
 0.000742   0.001930	0
 0.000691   0.001385	0
-0.617378  -0.289403	2
 0.000023   0.001679	0
-0.000098  -0.000572	0
 0.001137   0.002992	0
-0.001212  -0.000681	0
 0.000101   0.001679	0
-0.617023  -0.288632	2
-1.478247  -1.148278	2
-0.040565  -0.039938	0
-0.040381  -0.039942	0
-0.001313  -0.002554	0
-0.000196  -0.000689	0
-0.040706  -0.039938	0
-1.478193  -1.148288	2
-0.040429  -0.039939	0
 0.000780   0.000623	0
 0.001219   0.002540	0
-0.040477  -0.039942	0
-0.040473  -0.039939	0
-1.478342  -1.148322	2
 0.000671   0.001810	0
-0.001091  -0.001778	0
-0.001137  -0.002554	0
 0.000743   0.000623	0
 0.000693   0.001810	0
-0.614545  -0.292363	2
 0.000020   0.000016	0
-0.000097  -0.000689	0
 0.001138   0.002540	0
-0.001213  -0.001778	0
 0.000098   0.000016	0
-0.614193  -0.292354	2
-1.480895  -1.145695	2
-0.040459  -0.040499	0
-0.040276  -0.039115	0
-0.001311  -0.001984	0
-0.000198  -0.000456	0
-0.040600  -0.040499	0
-1.480838  -1.147196	2
-0.040324  -0.040347	0
 0.000779  -0.000192	0
 0.001219   0.002425	0
-0.040373  -0.039115	0
-0.040368  -0.040347	0
-1.480989  -1.145513	2
 0.000668   0.001296	0
-0.001089  -0.003178	0
-0.001134  -0.001984	0
 0.000742  -0.000192	0
 0.000691   0.001296	0
-0.617982  -0.289447	2
 0.000024  -0.001699	0
-0.000098  -0.000456	0
 0.001137   0.002425	0
-0.001212  -0.003178	0
 0.000102  -0.001699	0
-0.617626  -0.288949	2
-1.482387  -1.142231	2
-0.040399  -0.040620	0
-0.040216  -0.039130	0
-0.001310  -0.001557	0
-0.000199  -0.000418	0
-0.040540  -0.040620	0
-1.482327  -1.142658	2
-0.040265  -0.040809	0
 0.000779   0.000263	0
 0.001220   0.002840	0
-0.040314  -0.039130	0
-0.040309  -0.040809	0
-1.482480  -1.141604	2
 0.000667   0.000578	0
-0.001088  -0.003098	0
-0.001133  -0.001557	0
 0.000741   0.000263	0
 0.000690   0.000578	0
-0.619918  -0.284358	2
 0.000026  -0.001430	0
-0.000099  -0.000418	0
 0.001137   0.002840	0
-0.001211  -0.003098	0
 0.000105  -0.001430	0
-0.619560  -0.282554	2
-1.482565  -1.141763	2
-0.040391  -0.040355	0
-0.040209  -0.039853	0
-0.001310  -0.001808	0
-0.000199  -0.000734	0
-0.040533  -0.040355	0
-1.482505  -1.139864	2
-0.040258  -0.040559	0
 0.000779   0.001530	0
 0.001220   0.003335	0
-0.040307  -0.039853	0
-0.040302  -0.040559	0
-1.482658  -1.141026	2
 0.000666   0.000397	0
-0.001088  -0.001498	0
-0.001133  -0.001808	0
 0.000741   0.001530	0
 0.000689   0.000397	0
-0.620149  -0.282898	2
 0.000027   0.000425	0
-0.000099  -0.000734	0
 0.001137   0.003335	0
-0.001211  -0.001498	0
 0.000105   0.000425	0
-0.619791  -0.280414	2
-1.481382  -1.144676	2
-0.040439  -0.040182	0
-0.040256  -0.040542	0
-0.001311  -0.002147	0
-0.000198  -0.001333	0
-0.040581  -0.040182	0
-1.481323  -1.141769	2
-0.040305  -0.039725	0
 0.000779   0.002488	0
 0.001220   0.003138	0
-0.040354  -0.040542	0
-0.040349  -0.039725	0
-1.481475  -1.143695	2
 0.000668   0.000797	0
-0.001089  -0.000575	0
-0.001134  -0.002147	0
 0.000742   0.002488	0
 0.000690   0.000797	0
-0.618613  -0.286536	2
 0.000025   0.001877	0
-0.000098  -0.001333	0
 0.001137   0.003138	0
-0.001212  -0.000575	0
 0.000103   0.001877	0
-0.618257  -0.283954	2
-1.478852  -1.147261	2
-0.040541  -0.040303	0
-0.040357  -0.040504	0
-0.001312  -0.002038	0
-0.000197  -0.001424	0
-0.040682  -0.040303	0
-1.478797  -1.145696	2
-0.040405  -0.039169	0
 0.000779   0.002051	0
 0.001219   0.002606	0
-0.040454  -0.040504	0
-0.040449  -0.039169	0
-1.478947  -1.145819	2
 0.000670   0.001367	0
-0.001090  -0.001541	0
-0.001136  -0.002038	0
 0.000742   0.002051	0
 0.000693   0.001367	0
-0.615330  -0.290690	2
 0.000021   0.001034	0
-0.000098  -0.001424	0
 0.001138   0.002606	0
-0.001213  -0.001541	0
 0.000099   0.001034	0
-0.614977  -0.288011	2
-1.481937  -1.146411	2
-0.040417  -0.040518	0
-0.040234  -0.039939	0
-0.001310  -0.001291	0
-0.000198  -0.000856	0
-0.040558  -0.040518	0
-1.481878  -1.146695	2
-0.040283  -0.039378	0
 0.000779   0.000738	0
 0.001220   0.002500	0
-0.040332  -0.039939	0
-0.040327  -0.039378	0
-1.482030  -1.144404	2
 0.000667   0.001597	0
-0.001088  -0.003146	0
-0.001133  -0.001291	0
 0.000741   0.000738	0
 0.000690   0.001597	0
-0.619334  -0.290162	2
 0.000026  -0.001154	0
-0.000099  -0.000856	0
 0.001137   0.002500	0
-0.001212  -0.003146	0
 0.000104  -0.001154	0
-0.618977  -0.287586	2
-1.483745  -1.143800	2
-0.040344  -0.040562	0
-0.040162  -0.039706	0
-0.001309  -0.000962	0
-0.000199  -0.000349	0
-0.040486  -0.040562	0
-1.483683  -1.144781	2
-0.040211  -0.040188	0
 0.000778  -0.000113	0
 0.001220   0.002567	0
-0.040260  -0.039706	0
-0.040255  -0.040188	0
-1.483838  -1.141914	2
 0.000665   0.001397	0
-0.001087  -0.003620	0
-0.001132  -0.000962	0
 0.000741  -0.000113	0
 0.000688   0.001397	0
-0.621681  -0.286317	2
 0.000028  -0.002034	0
-0.000099  -0.000349	0
 0.001137   0.002567	0
-0.001211  -0.003620	0
 0.000107  -0.002034	0
-0.621321  -0.284384	2
-1.484053  -1.141803	2
-0.040332  -0.040529	0
-0.040150  -0.040040	0
-0.001309  -0.001482	0
-0.000200  -0.000532	0
-0.040474  -0.040529	0
-1.483991  -1.141888	2
-0.040199  -0.040673	0
 0.000778   0.000392	0
 0.001220   0.002644	0
-0.040248  -0.040040	0
-0.040243  -0.040673	0
-1.484146  -1.140839	2
 0.000665   0.001399	0
-0.001087  -0.002527	0
-0.001131  -0.001482	0
 0.000741   0.000392	0
 0.000688   0.001399	0
-0.622081  -0.282955	2
 0.000029  -0.000881	0
-0.000099  -0.000532	0
 0.001137   0.002644	0
-0.001211  -0.002527	0
 0.000108  -0.000881	0
-0.621720  -0.281724	2
-1.482872  -1.141958	2
-0.040379  -0.040631	0
-0.040197  -0.040544	0
-0.001310  -0.002489	0
-0.000199  -0.001074	0
-0.040521  -0.040631	0
-1.482811  -1.141006	2
-0.040246  -0.040089	0
 0.000779   0.001458	0
 0.001220   0.002367	0
-0.040295  -0.040544	0
-0.040290  -0.040089	0
-1.482965  -1.141919	2
 0.000666   0.001183	0
-0.001088  -0.001121	0
-0.001132  -0.002489	0
 0.000741   0.001458	0
 0.000689   0.001183	0
-0.620547  -0.282963	2
 0.000027   0.000951	0
-0.000099  -0.001074	0
 0.001137   0.002367	0
-0.001211  -0.001121	0
 0.000106   0.000951	0
-0.620189  -0.282019	2
-1.480322  -1.142362	2
-0.040482  -0.040790	0
-0.040298  -0.040599	0
-0.001311  -0.002667	0
-0.000197  -0.001159	0
-0.040623  -0.040790	0
-1.480265  -1.141338	2
-0.040347  -0.039113	0
 0.000779   0.002350	0
 0.001219   0.002066	0
-0.040396  -0.040599	0
-0.040391  -0.039113	0
-1.480416  -1.141927	2
 0.000669   0.001092	0
-0.001089  -0.001152	0
-0.001135  -0.002667	0
 0.000742   0.002350	0
 0.000691   0.001092	0
-0.617238  -0.284056	2
 0.000023   0.001482	0
-0.000098  -0.001159	0
 0.001137   0.002066	0
-0.001212  -0.001152	0
 0.000101   0.001482	0
-0.616883  -0.282434	2
-1.476557  -1.142157	2
-0.040633  -0.040634	0
-0.040448  -0.040409	0
-0.001314  -0.001835	0
-0.000195  -0.000629	0
-0.040773  -0.040634	0
-1.476505  -1.141849	2
-0.040496  -0.038851	0
 0.000780   0.002074	0
 0.001219   0.001937	0
-0.040544  -0.040409	0
-0.040539  -0.038851	0
-1.476653  -1.140522	2
 0.000672   0.001248	0
-0.001092  -0.002537	0
-0.001139  -0.001835	0
 0.000743   0.002074	0
 0.000695   0.001248	0
-0.612351  -0.284089	2
 0.000017   0.000076	0
-0.000097  -0.000629	0
 0.001138   0.001937	0
-0.001214  -0.002537	0
 0.000095   0.000076	0
-0.612002  -0.281768	2
-1.485491  -1.141073	2
-0.040274  -0.040148	0
-0.040093  -0.040317	0
-0.001308  -0.001071	0
-0.000200   0.000119	0
-0.040416  -0.040148	0
-1.485427  -1.141474	2
-0.040142  -0.039445	0
 0.000778   0.001027	0
 0.001220   0.001946	0
-0.040191  -0.040317	0
-0.040186  -0.039445	0
-1.485583  -1.138738	2
 0.000664   0.001674	0
-0.001086  -0.003572	0
-0.001130  -0.001071	0
 0.000740   0.001027	0
 0.000687   0.001674	0
-0.623947  -0.282275	2
 0.000031  -0.001398	0
-0.000100   0.000119	0
 0.001137   0.001946	0
-0.001210  -0.003572	0
 0.000110  -0.001398	0
-0.623585  -0.280722	2
-1.486062  -1.140920	2
-0.040251  -0.039855	0
-0.040071  -0.040566	0
-0.001308  -0.001577	0
-0.000201   0.000364	0
-0.040394  -0.039855	0
-1.485997  -1.141686	2
-0.040119  -0.040360	0
 0.000778   0.000187	0
 0.001220   0.001895	0
-0.040169  -0.040566	0
-0.040164  -0.040360	0
-1.486153  -1.139767	2
 0.000663   0.002059	0
-0.001086  -0.003039	0
-0.001129  -0.001577	0
 0.000740   0.000187	0
 0.000686   0.002059	0
-0.624688  -0.281359	2
 0.000032  -0.001282	0
-0.000100   0.000364	0
 0.001137   0.001895	0
-0.001210  -0.003039	0
 0.000111  -0.001282	0
-0.624324  -0.281847	2
-1.484966  -1.140878	2
-0.040295  -0.040085	0
-0.040114  -0.040642	0
-0.001309  -0.002912	0
-0.000200   0.000109	0
-0.040437  -0.040085	0
-1.484903  -1.141834	2
-0.040163  -0.040539	0
 0.000778   0.000262	0
 0.001220   0.001604	0
-0.040212  -0.040642	0
-0.040207  -0.040539	0
-1.485058  -1.141897	2
 0.000664   0.002087	0
-0.001086  -0.001576	0
-0.001130  -0.002912	0
 0.000740   0.000262	0
 0.000687   0.002087	0
-0.623266  -0.281370	2
 0.000030  -0.000082	0
-0.000100   0.000109	0
 0.001137   0.001604	0
-0.001210  -0.001576	0
 0.000110  -0.000082	0
-0.622904  -0.283464	2
-1.482404  -1.139880	2
-0.040398  -0.040579	0
-0.040216  -0.040333	0
-0.001310  -0.003560	0
-0.000199  -0.000301	0
-0.040540  -0.040579	0
-1.482344  -1.141041	2
-0.040264  -0.039907	0
 0.000779   0.001158	0
 0.001220   0.001158	0
-0.040313  -0.040333	0
-0.040308  -0.039907	0
-1.482497  -1.141764	2
 0.000667   0.001584	0
-0.001088  -0.001124	0
-0.001133  -0.003560	0
 0.000741   0.001158	0
 0.000690   0.001584	0
-0.619941  -0.280792	2
 0.000026   0.000868	0
-0.000099  -0.000301	0
 0.001137   0.001158	0
-0.001211  -0.001124	0
 0.000105   0.000868	0
-0.619583  -0.282703	2
-1.478647  -1.137824	2
-0.040549  -0.040681	0
-0.040365  -0.040045	0
-0.001312  -0.003153	0
-0.000196  -0.000114	0
-0.040690  -0.040681	0
-1.478592  -1.138733	2
-0.040413  -0.039291	0
 0.000780   0.001935	0
 0.001219   0.001123	0
-0.040462  -0.040045	0
-0.040457  -0.039291	0
-1.478742  -1.138551	2
 0.000670   0.000900	0
-0.001091  -0.002089	0
-0.001136  -0.003153	0
 0.000742   0.001935	0
 0.000693   0.000900	0
-0.615064  -0.278536	2
 0.000020   0.000599	0
-0.000098  -0.000114	0
 0.001138   0.001123	0
-0.001213  -0.002089	0
 0.000098   0.000599	0
-0.614712  -0.278837	2
-1.488114  -1.136958	2
-0.040168  -0.040093	0
-0.039989  -0.040226	0
-0.001307  -0.002166	0
-0.000202   0.000626	0
-0.040312  -0.040093	0
-1.488046  -1.137076	2
-0.040038  -0.039412	0
 0.000777   0.002036	0
 0.001220   0.001597	0
-0.040088  -0.040226	0
-0.040083  -0.039412	0
-1.488205  -1.136072	2
 0.000661   0.000940	0
-0.001084  -0.002928	0
-0.001127  -0.002166	0
 0.000739   0.002036	0
 0.000684   0.000940	0
-0.627352  -0.276836	2
 0.000035  -0.000256	0
-0.000101   0.000626	0
 0.001137   0.001597	0
-0.001209  -0.002928	0
 0.000115  -0.000256	0
-0.626985  -0.276281	2
-1.489393  -1.138749	2
-0.040117  -0.039313	0
-0.039938  -0.040703	0
-0.001306  -0.002028	0
-0.000203   0.001129	0
-0.040261  -0.039313	0
-1.489323  -1.138604	2
-0.039987  -0.040081	0
 0.000777   0.001264	0
 0.001220   0.001825	0
-0.040037  -0.040703	0
-0.040032  -0.040081	0
-1.489483  -1.137908	2
 0.000660   0.001597	0
-0.001084  -0.002619	0
-0.001126  -0.002028	0
 0.000739   0.001264	0
 0.000683   0.001597	0
-0.629012  -0.278241	2
 0.000038  -0.000456	0
-0.000101   0.001129	0
 0.001137   0.001825	0
-0.001209  -0.002619	0
 0.000117  -0.000456	0
-0.628643  -0.279119	2
-1.488960  -1.141620	2
-0.040134  -0.039122	0
-0.039955  -0.040759	0
-0.001306  -0.002868	0
-0.000202   0.001037	0
-0.040278  -0.039122	0
-1.488891  -1.142212	2
-0.040004  -0.040631	0
 0.000777   0.000492	0
 0.001220   0.001562	0
-0.040054  -0.040759	0
-0.040049  -0.040631	0
-1.489050  -1.142613	2
 0.000660   0.002377	0
-0.001084  -0.001685	0
-0.001127  -0.002868	0
 0.000739   0.000492	0
 0.000684   0.002377	0
-0.628449  -0.281879	2
 0.000037  -0.000046	0
-0.000101   0.001037	0
 0.001137   0.001562	0
-0.001209  -0.001685	0
 0.000117  -0.000046	0
-0.628081  -0.285153	2
-1.486937  -1.141712	2
-0.040215  -0.039681	0
-0.040036  -0.040181	0
-0.001308  -0.003987	0
-0.000201   0.000564	0
-0.040359  -0.039681	0
-1.486871  -1.143651	2
-0.040085  -0.040549	0
 0.000778   0.000093	0
 0.001220   0.000953	0
-0.040134  -0.040181	0
-0.040129  -0.040549	0
-1.487028  -1.144629	2
 0.000662   0.002183	0
-0.001085  -0.001235	0
-0.001129  -0.003987	0
 0.000740   0.000093	0
 0.000685   0.002183	0
-0.625824  -0.283018	2
 0.000034   0.000185	0
-0.000100   0.000564	0
 0.001137   0.000953	0
-0.001210  -0.001235	0
 0.000113   0.000185	0
-0.625459  -0.287502	2
