 0.417404    0.273535   -0.157925    0.272881
 0.417404    0.273535   -0.157925   -0.272881
 0.198189    0.185004   -0.035604    0.061521
 0.198189    0.185004   -0.035604   -0.061521
 0.198189   -0.185004   -0.035604    0.061521
 0.198189   -0.185004   -0.035604   -0.061521
 0.417404   -0.273535   -0.157925    0.272881
 0.417404   -0.273535   -0.157925   -0.272881
 0.417404   -0.000000    0.315851    0.272881
 0.417404   -0.000000    0.315851   -0.272881
 0.253191    0.201291    0.116216    0.100405
 0.253191    0.201291    0.116216   -0.100405
 0.253191   -0.201291    0.116216    0.100405
 0.253191   -0.201291    0.116216   -0.100405
 0.198189   -0.061668    0.178020    0.061521
 0.198189   -0.061668    0.178020   -0.061521
 0.198189    0.061668    0.178020    0.061521
 0.198189    0.061668    0.178020   -0.061521
 0.198189    0.123336   -0.142416    0.061521
 0.198189    0.123336   -0.142416   -0.061521
 0.198189   -0.123336   -0.142416    0.061521
 0.198189   -0.123336   -0.142416   -0.061521
 0.253191   -0.000000   -0.232431    0.100405
 0.253191   -0.000000   -0.232431   -0.100405
 0.417404   -0.273535   -0.157925    0.272881
 0.417404   -0.273535   -0.157925   -0.272881
 0.417404    0.273535   -0.157925    0.272881
 0.417404    0.273535   -0.157925   -0.272881
 0.198189    0.185004   -0.035604    0.061521
 0.198189    0.185004   -0.035604   -0.061521
 0.198189   -0.185004   -0.035604    0.061521
 0.198189   -0.185004   -0.035604   -0.061521
 0.253191   -0.201291    0.116216    0.100405
 0.253191   -0.201291    0.116216   -0.100405
 0.417404   -0.000000    0.315851    0.272881
 0.417404   -0.000000    0.315851   -0.272881
 0.253191    0.201291    0.116216    0.100405
 0.253191    0.201291    0.116216   -0.100405
 0.198189   -0.061668    0.178020    0.061521
 0.198189   -0.061668    0.178020   -0.061521
 0.198189    0.061668    0.178020    0.061521
 0.198189    0.061668    0.178020   -0.061521
 0.253191   -0.000000   -0.232431    0.100405
 0.253191   -0.000000   -0.232431   -0.100405
 0.198189    0.123336   -0.142416    0.061521
 0.198189    0.123336   -0.142416   -0.061521
 0.198189   -0.123336   -0.142416    0.061521
 0.198189   -0.123336   -0.142416   -0.061521
 0.198189   -0.185004   -0.035604    0.061521
 0.198189   -0.185004   -0.035604   -0.061521
 0.417404   -0.273535   -0.157925    0.272881
 0.417404   -0.273535   -0.157925   -0.272881
 0.417404    0.273535   -0.157925    0.272881
 0.417404    0.273535   -0.157925   -0.272881
 0.198189    0.185004   -0.035604    0.061521
 0.198189    0.185004   -0.035604   -0.061521
 0.253191   -0.201291    0.116216    0.100405
 0.253191   -0.201291    0.116216   -0.100405
 0.417404   -0.000000    0.315851    0.272881
 0.417404   -0.000000    0.315851   -0.272881
 0.253191    0.201291    0.116216    0.100405
 0.253191    0.201291    0.116216   -0.100405
 0.198189   -0.061668    0.178020    0.061521
 0.198189   -0.061668    0.178020   -0.061521
 0.198189    0.061668    0.178020    0.061521
 0.198189    0.061668    0.178020   -0.061521
 0.198189   -0.123336   -0.142416    0.061521
 0.198189   -0.123336   -0.142416   -0.061521
 0.253191   -0.000000   -0.232431    0.100405
 0.253191   -0.000000   -0.232431   -0.100405
 0.198189    0.123336   -0.142416    0.061521
 0.198189    0.123336   -0.142416   -0.061521
 0.198189   -0.185004   -0.035604    0.061521
 0.198189   -0.185004   -0.035604   -0.061521
 0.417404   -0.273535   -0.157925    0.272881
 0.417404   -0.273535   -0.157925   -0.272881
 0.417404    0.273535   -0.157925    0.272881
 0.417404    0.273535   -0.157925   -0.272881
 0.198189    0.185004   -0.035604    0.061521
 0.198189    0.185004   -0.035604   -0.061521
 0.253191   -0.201291    0.116216    0.100405
 0.253191   -0.201291    0.116216   -0.100405
 0.417404   -0.000000    0.315851    0.272881
 0.417404   -0.000000    0.315851   -0.272881
 0.253191    0.201291    0.116216    0.100405
 0.253191    0.201291    0.116216   -0.100405
 0.198189   -0.061668    0.178020    0.061521
 0.198189   -0.061668    0.178020   -0.061521
 0.198189    0.061668    0.178020    0.061521
 0.198189    0.061668    0.178020   -0.061521
 0.198189   -0.123336   -0.142416    0.061521
 0.198189   -0.123336   -0.142416   -0.061521
 0.253191   -0.000000   -0.232431    0.100405
 0.253191   -0.000000   -0.232431   -0.100405
 0.198189    0.123336   -0.142416    0.061521
 0.198189    0.123336   -0.142416   -0.061521
 0.198189   -0.185004   -0.035604    0.061521
 0.198189   -0.185004   -0.035604   -0.061521
 0.417404   -0.273535   -0.157925    0.272881
 0.417404   -0.273535   -0.157925   -0.272881
 0.417404    0.273535   -0.157925    0.272881
 0.417404    0.273535   -0.157925   -0.272881
 0.198189    0.185004   -0.035604    0.061521
 0.198189    0.185004   -0.035604   -0.061521
 0.253191   -0.201291    0.116216    0.100405
 0.253191   -0.201291    0.116216   -0.100405
 0.417404   -0.000000    0.315851    0.272881
 0.417404   -0.000000    0.315851   -0.272881
 0.253191    0.201291    0.116216    0.100405
 0.253191    0.201291    0.116216   -0.100405
 0.198189   -0.061668    0.178020    0.061521
 0.198189   -0.061668    0.178020   -0.061521
 0.198189    0.061668    0.178020    0.061521
 0.198189    0.061668    0.178020   -0.061521
 0.198189   -0.123336   -0.142416    0.061521
 0.198189   -0.123336   -0.142416   -0.061521
 0.253191   -0.000000   -0.232431    0.100405
 0.253191   -0.000000   -0.232431   -0.100405
 0.198189    0.123336   -0.142416    0.061521
 0.198189    0.123336   -0.142416   -0.061521
 0.198189    0.185004   -0.035604    0.061521
 0.198189    0.185004   -0.035604   -0.061521
 0.198189   -0.185004   -0.035604    0.061521
 0.198189   -0.185004   -0.035604   -0.061521
 0.417404   -0.273535   -0.157925    0.272881
 0.417404   -0.273535   -0.157925   -0.272881
 0.417404    0.273535   -0.157925    0.272881
 0.417404    0.273535   -0.157925   -0.272881
 0.253191    0.201291    0.116216    0.100405
 0.253191    0.201291    0.116216   -0.100405
 0.253191   -0.201291    0.116216    0.100405
 0.253191   -0.201291    0.116216   -0.100405
 0.417404   -0.000000    0.315851    0.272881
 0.417404   -0.000000    0.315851   -0.272881
 0.198189    0.061668    0.178020    0.061521
 0.198189    0.061668    0.178020   -0.061521
 0.198189   -0.061668    0.178020    0.061521
 0.198189   -0.061668    0.178020   -0.061521
 0.198189   -0.123336   -0.142416    0.061521
 0.198189   -0.123336   -0.142416   -0.061521
 0.253191   -0.000000   -0.232431    0.100405
 0.253191   -0.000000   -0.232431   -0.100405
 0.198189    0.123336   -0.142416    0.061521
 0.198189    0.123336   -0.142416   -0.061521
 0.198189    0.123336   -0.142416    0.061521
 0.198189    0.123336   -0.142416   -0.061521
 0.198189   -0.123336   -0.142416    0.061521
 0.198189   -0.123336   -0.142416   -0.061521
 0.253191   -0.000000   -0.232431    0.100405
 0.253191   -0.000000   -0.232431   -0.100405
 0.417404    0.273535   -0.157925    0.272881
 0.417404    0.273535   -0.157925   -0.272881
 0.198189    0.185004   -0.035604    0.061521
 0.198189    0.185004   -0.035604   -0.061521
 0.198189   -0.185004   -0.035604    0.061521
 0.198189   -0.185004   -0.035604   -0.061521
 0.417404   -0.273535   -0.157925    0.272881
 0.417404   -0.273535   -0.157925   -0.272881
 0.417404   -0.000000    0.315851    0.272881
 0.417404   -0.000000    0.315851   -0.272881
 0.253191    0.201291    0.116216    0.100405
 0.253191    0.201291    0.116216   -0.100405
 0.253191   -0.201291    0.116216    0.100405
 0.253191   -0.201291    0.116216   -0.100405
 0.198189   -0.061668    0.178020    0.061521
 0.198189   -0.061668    0.178020   -0.061521
 0.198189    0.061668    0.178020    0.061521
 0.198189    0.061668    0.178020   -0.061521
 0.253191   -0.000000   -0.232431    0.100405
 0.253191   -0.000000   -0.232431   -0.100405
 0.198189    0.123336   -0.142416    0.061521
 0.198189    0.123336   -0.142416   -0.061521
 0.198189   -0.123336   -0.142416    0.061521
 0.198189   -0.123336   -0.142416   -0.061521
 0.417404   -0.273535   -0.157925    0.272881
 0.417404   -0.273535   -0.157925   -0.272881
 0.417404    0.273535   -0.157925    0.272881
 0.417404    0.273535   -0.157925   -0.272881
 0.198189    0.185004   -0.035604    0.061521
 0.198189    0.185004   -0.035604   -0.061521
 0.198189   -0.185004   -0.035604    0.061521
 0.198189   -0.185004   -0.035604   -0.061521
 0.253191   -0.201291    0.116216    0.100405
 0.253191   -0.201291    0.116216   -0.100405
 0.417404   -0.000000    0.315851    0.272881
 0.417404   -0.000000    0.315851   -0.272881
 0.253191    0.201291    0.116216    0.100405
 0.253191    0.201291    0.116216   -0.100405
 0.198189   -0.061668    0.178020    0.061521
 0.198189   -0.061668    0.178020   -0.061521
 0.198189    0.061668    0.178020    0.061521
 0.198189    0.061668    0.178020   -0.061521
 0.198189   -0.123336   -0.142416    0.061521
 0.198189   -0.123336   -0.142416   -0.061521
 0.253191   -0.000000   -0.232431    0.100405
 0.253191   -0.000000   -0.232431   -0.100405
 0.198189    0.123336   -0.142416    0.061521
 0.198189    0.123336   -0.142416   -0.061521
 0.198189   -0.185004   -0.035604    0.061521
 0.198189   -0.185004   -0.035604   -0.061521
 0.417404   -0.273535   -0.157925    0.272881
 0.417404   -0.273535   -0.157925   -0.272881
 0.417404    0.273535   -0.157925    0.272881
 0.417404    0.273535   -0.157925   -0.272881
 0.198189    0.185004   -0.035604    0.061521
 0.198189    0.185004   -0.035604   -0.061521
 0.253191   -0.201291    0.116216    0.100405
 0.253191   -0.201291    0.116216   -0.100405
 0.417404   -0.000000    0.315851    0.272881
 0.417404   -0.000000    0.315851   -0.272881
 0.253191    0.201291    0.116216    0.100405
 0.253191    0.201291    0.116216   -0.100405
 0.198189   -0.061668    0.178020    0.061521
 0.198189   -0.061668    0.178020   -0.061521
 0.198189    0.061668    0.178020    0.061521
 0.198189    0.061668    0.178020   -0.061521
 0.198189   -0.123336   -0.142416    0.061521
 0.198189   -0.123336   -0.142416   -0.061521
 0.253191   -0.000000   -0.232431    0.100405
 0.253191   -0.000000   -0.232431   -0.100405
 0.198189    0.123336   -0.142416    0.061521
 0.198189    0.123336   -0.142416   -0.061521
 0.198189   -0.185004   -0.035604    0.061521
 0.198189   -0.185004   -0.035604   -0.061521
 0.417404   -0.273535   -0.157925    0.272881
 0.417404   -0.273535   -0.157925   -0.272881
 0.417404    0.273535   -0.157925    0.272881
 0.417404    0.273535   -0.157925   -0.272881
 0.198189    0.185004   -0.035604    0.061521
 0.198189    0.185004   -0.035604   -0.061521
 0.253191   -0.201291    0.116216    0.100405
 0.253191   -0.201291    0.116216   -0.100405
 0.417404   -0.000000    0.315851    0.272881
 0.417404   -0.000000    0.315851   -0.272881
 0.253191    0.201291    0.116216    0.100405
 0.253191    0.201291    0.116216   -0.100405
 0.198189   -0.061668    0.178020    0.061521
 0.198189   -0.061668    0.178020   -0.061521
 0.198189    0.061668    0.178020    0.061521
 0.198189    0.061668    0.178020   -0.061521
 0.198189   -0.123336   -0.142416    0.061521
 0.198189   -0.123336   -0.142416   -0.061521
 0.253191   -0.000000   -0.232431    0.100405
 0.253191   -0.000000   -0.232431   -0.100405
 0.198189    0.123336   -0.142416    0.061521
 0.198189    0.123336   -0.142416   -0.061521
 0.198189   -0.185004   -0.035604    0.061521
 0.198189   -0.185004   -0.035604   -0.061521
 0.417404   -0.273535   -0.157925    0.272881
 0.417404   -0.273535   -0.157925   -0.272881
 0.417404    0.273535   -0.157925    0.272881
 0.417404    0.273535   -0.157925   -0.272881
 0.198189    0.185004   -0.035604    0.061521
 0.198189    0.185004   -0.035604   -0.061521
 0.253191   -0.201291    0.116216    0.100405
 0.253191   -0.201291    0.116216   -0.100405
 0.417404   -0.000000    0.315851    0.272881
 0.417404   -0.000000    0.315851   -0.272881
 0.253191    0.201291    0.116216    0.100405
 0.253191    0.201291    0.116216   -0.100405
 0.198189   -0.061668    0.178020    0.061521
 0.198189   -0.061668    0.178020   -0.061521
 0.198189    0.061668    0.178020    0.061521
 0.198189    0.061668    0.178020   -0.061521
 0.198189   -0.123336   -0.142416    0.061521
 0.198189   -0.123336   -0.142416   -0.061521
 0.253191   -0.000000   -0.232431    0.100405
 0.253191   -0.000000   -0.232431   -0.100405
 0.198189    0.123336   -0.142416    0.061521
 0.198189    0.123336   -0.142416   -0.061521
 0.198189    0.185004   -0.035604    0.061521
 0.198189    0.185004   -0.035604   -0.061521
 0.198189   -0.185004   -0.035604    0.061521
 0.198189   -0.185004   -0.035604   -0.061521
 0.417404   -0.273535   -0.157925    0.272881
 0.417404   -0.273535   -0.157925   -0.272881
 0.417404    0.273535   -0.157925    0.272881
 0.417404    0.273535   -0.157925   -0.272881
 0.253191    0.201291    0.116216    0.100405
 0.253191    0.201291    0.116216   -0.100405
 0.253191   -0.201291    0.116216    0.100405
 0.253191   -0.201291    0.116216   -0.100405
 0.417404   -0.000000    0.315851    0.272881
 0.417404   -0.000000    0.315851   -0.272881
 0.198189    0.061668    0.178020    0.061521
 0.198189    0.061668    0.178020   -0.061521
 0.198189   -0.061668    0.178020    0.061521
 0.198189   -0.061668    0.178020   -0.061521
 0.198189    0.123336   -0.142416    0.061521
 0.198189    0.123336   -0.142416   -0.061521
 0.198189   -0.123336   -0.142416    0.061521
 0.198189   -0.123336   -0.142416   -0.061521
 0.253191   -0.000000   -0.232431    0.100405
 0.253191   -0.000000   -0.232431   -0.100405
 0.417404    0.273535   -0.157925    0.272881
 0.417404    0.273535   -0.157925   -0.272881
 0.198189    0.185004   -0.035604    0.061521
 0.198189    0.185004   -0.035604   -0.061521
 0.198189   -0.185004   -0.035604    0.061521
 0.198189   -0.185004   -0.035604   -0.061521
 0.417404   -0.273535   -0.157925    0.272881
 0.417404   -0.273535   -0.157925   -0.272881
 0.417404   -0.000000    0.315851    0.272881
 0.417404   -0.000000    0.315851   -0.272881
 0.253191    0.201291    0.116216    0.100405
 0.253191    0.201291    0.116216   -0.100405
 0.253191   -0.201291    0.116216    0.100405
 0.253191   -0.201291    0.116216   -0.100405
 0.198189   -0.061668    0.178020    0.061521
 0.198189   -0.061668    0.178020   -0.061521
 0.198189    0.061668    0.178020    0.061521
 0.198189    0.061668    0.178020   -0.061521
 0.253191   -0.000000   -0.232431    0.100405
 0.253191   -0.000000   -0.232431   -0.100405
 0.198189    0.123336   -0.142416    0.061521
 0.198189    0.123336   -0.142416   -0.061521
 0.198189   -0.123336   -0.142416    0.061521
 0.198189   -0.123336   -0.142416   -0.061521
 0.417404   -0.273535   -0.157925    0.272881
 0.417404   -0.273535   -0.157925   -0.272881
 0.417404    0.273535   -0.157925    0.272881
 0.417404    0.273535   -0.157925   -0.272881
 0.198189    0.185004   -0.035604    0.061521
 0.198189    0.185004   -0.035604   -0.061521
 0.198189   -0.185004   -0.035604    0.061521
 0.198189   -0.185004   -0.035604   -0.061521
 0.253191   -0.201291    0.116216    0.100405
 0.253191   -0.201291    0.116216   -0.100405
 0.417404   -0.000000    0.315851    0.272881
 0.417404   -0.000000    0.315851   -0.272881
 0.253191    0.201291    0.116216    0.100405
 0.253191    0.201291    0.116216   -0.100405
 0.198189   -0.061668    0.178020    0.061521
 0.198189   -0.061668    0.178020   -0.061521
 0.198189    0.061668    0.178020    0.061521
 0.198189    0.061668    0.178020   -0.061521
 0.198189   -0.123336   -0.142416    0.061521
 0.198189   -0.123336   -0.142416   -0.061521
 0.253191   -0.000000   -0.232431    0.100405
 0.253191   -0.000000   -0.232431   -0.100405
 0.198189    0.123336   -0.142416    0.061521
 0.198189    0.123336   -0.142416   -0.061521
 0.198189   -0.185004   -0.035604    0.061521
 0.198189   -0.185004   -0.035604   -0.061521
 0.417404   -0.273535   -0.157925    0.272881
 0.417404   -0.273535   -0.157925   -0.272881
 0.417404    0.273535   -0.157925    0.272881
 0.417404    0.273535   -0.157925   -0.272881
 0.198189    0.185004   -0.035604    0.061521
 0.198189    0.185004   -0.035604   -0.061521
 0.253191   -0.201291    0.116216    0.100405
 0.253191   -0.201291    0.116216   -0.100405
 0.417404   -0.000000    0.315851    0.272881
 0.417404   -0.000000    0.315851   -0.272881
 0.253191    0.201291    0.116216    0.100405
 0.253191    0.201291    0.116216   -0.100405
 0.198189   -0.061668    0.178020    0.061521
 0.198189   -0.061668    0.178020   -0.061521
 0.198189    0.061668    0.178020    0.061521
 0.198189    0.061668    0.178020   -0.061521
 0.198189   -0.123336   -0.142416    0.061521
 0.198189   -0.123336   -0.142416   -0.061521
 0.253191   -0.000000   -0.232431    0.100405
 0.253191   -0.000000   -0.232431   -0.100405
 0.198189    0.123336   -0.142416    0.061521
 0.198189    0.123336   -0.142416   -0.061521
 0.198189   -0.185004   -0.035604    0.061521
 0.198189   -0.185004   -0.035604   -0.061521
 0.417404   -0.273535   -0.157925    0.272881
 0.417404   -0.273535   -0.157925   -0.272881
 0.417404    0.273535   -0.157925    0.272881
 0.417404    0.273535   -0.157925   -0.272881
 0.198189    0.185004   -0.035604    0.061521
 0.198189    0.185004   -0.035604   -0.061521
 0.253191   -0.201291    0.116216    0.100405
 0.253191   -0.201291    0.116216   -0.100405
 0.417404   -0.000000    0.315851    0.272881
 0.417404   -0.000000    0.315851   -0.272881
 0.253191    0.201291    0.116216    0.100405
 0.253191    0.201291    0.116216   -0.100405
 0.198189   -0.061668    0.178020    0.061521
 0.198189   -0.061668    0.178020   -0.061521
 0.198189    0.061668    0.178020    0.061521
 0.198189    0.061668    0.178020   -0.061521
 0.198189   -0.123336   -0.142416    0.061521
 0.198189   -0.123336   -0.142416   -0.061521
 0.253191   -0.000000   -0.232431    0.100405
 0.253191   -0.000000   -0.232431   -0.100405
 0.198189    0.123336   -0.142416    0.061521
 0.198189    0.123336   -0.142416   -0.061521
 0.198189   -0.185004   -0.035604    0.061521
 0.198189   -0.185004   -0.035604   -0.061521
 0.417404   -0.273535   -0.157925    0.272881
 0.417404   -0.273535   -0.157925   -0.272881
 0.417404    0.273535   -0.157925    0.272881
 0.417404    0.273535   -0.157925   -0.272881
 0.198189    0.185004   -0.035604    0.061521
 0.198189    0.185004   -0.035604   -0.061521
 0.253191   -0.201291    0.116216    0.100405
 0.253191   -0.201291    0.116216   -0.100405
 0.417404   -0.000000    0.315851    0.272881
 0.417404   -0.000000    0.315851   -0.272881
 0.253191    0.201291    0.116216    0.100405
 0.253191    0.201291    0.116216   -0.100405
 0.198189   -0.061668    0.178020    0.061521
 0.198189   -0.061668    0.178020   -0.061521
 0.198189    0.061668    0.178020    0.061521
 0.198189    0.061668    0.178020   -0.061521
 0.198189   -0.123336   -0.142416    0.061521
 0.198189   -0.123336   -0.142416   -0.061521
 0.253191   -0.000000   -0.232431    0.100405
 0.253191   -0.000000   -0.232431   -0.100405
 0.198189    0.123336   -0.142416    0.061521
 0.198189    0.123336   -0.142416   -0.061521
 0.198189    0.185004   -0.035604    0.061521
 0.198189    0.185004   -0.035604   -0.061521
 0.198189   -0.185004   -0.035604    0.061521
 0.198189   -0.185004   -0.035604   -0.061521
 0.417404   -0.273535   -0.157925    0.272881
 0.417404   -0.273535   -0.157925   -0.272881
 0.417404    0.273535   -0.157925    0.272881
 0.417404    0.273535   -0.157925   -0.272881
 0.253191    0.201291    0.116216    0.100405
 0.253191    0.201291    0.116216   -0.100405
 0.253191   -0.201291    0.116216    0.100405
 0.253191   -0.201291    0.116216   -0.100405
 0.417404   -0.000000    0.315851    0.272881
 0.417404   -0.000000    0.315851   -0.272881
 0.198189    0.061668    0.178020    0.061521
 0.198189    0.061668    0.178020   -0.061521
 0.198189   -0.061668    0.178020    0.061521
 0.198189   -0.061668    0.178020   -0.061521
 0.198189    0.123336   -0.142416    0.061521
 0.198189    0.123336   -0.142416   -0.061521
 0.198189   -0.123336   -0.142416    0.061521
 0.198189   -0.123336   -0.142416   -0.061521
 0.253191   -0.000000   -0.232431    0.100405
 0.253191   -0.000000   -0.232431   -0.100405
 0.417404    0.273535   -0.157925    0.272881
 0.417404    0.273535   -0.157925   -0.272881
 0.198189    0.185004   -0.035604    0.061521
 0.198189    0.185004   -0.035604   -0.061521
 0.198189   -0.185004   -0.035604    0.061521
 0.198189   -0.185004   -0.035604   -0.061521
 0.417404   -0.273535   -0.157925    0.272881
 0.417404   -0.273535   -0.157925   -0.272881
 0.417404   -0.000000    0.315851    0.272881
 0.417404   -0.000000    0.315851   -0.272881
 0.253191    0.201291    0.116216    0.100405
 0.253191    0.201291    0.116216   -0.100405
 0.253191   -0.201291    0.116216    0.100405
 0.253191   -0.201291    0.116216   -0.100405
 0.198189   -0.061668    0.178020    0.061521
 0.198189   -0.061668    0.178020   -0.061521
 0.198189    0.061668    0.178020    0.061521
 0.198189    0.061668    0.178020   -0.061521
 0.253191   -0.000000   -0.232431    0.100405
 0.253191   -0.000000   -0.232431   -0.100405
 0.198189    0.123336   -0.142416    0.061521
 0.198189    0.123336   -0.142416   -0.061521
 0.198189   -0.123336   -0.142416    0.061521
 0.198189   -0.123336   -0.142416   -0.061521
 0.417404   -0.273535   -0.157925    0.272881
 0.417404   -0.273535   -0.157925   -0.272881
 0.417404    0.273535   -0.157925    0.272881
 0.417404    0.273535   -0.157925   -0.272881
 0.198189    0.185004   -0.035604    0.061521
 0.198189    0.185004   -0.035604   -0.061521
 0.198189   -0.185004   -0.035604    0.061521
 0.198189   -0.185004   -0.035604   -0.061521
 0.253191   -0.201291    0.116216    0.100405
 0.253191   -0.201291    0.116216   -0.100405
 0.417404   -0.000000    0.315851    0.272881
 0.417404   -0.000000    0.315851   -0.272881
 0.253191    0.201291    0.116216    0.100405
 0.253191    0.201291    0.116216   -0.100405
 0.198189   -0.061668    0.178020    0.061521
 0.198189   -0.061668    0.178020   -0.061521
 0.198189    0.061668    0.178020    0.061521
 0.198189    0.061668    0.178020   -0.061521
 0.198189   -0.123336   -0.142416    0.061521
 0.198189   -0.123336   -0.142416   -0.061521
 0.253191   -0.000000   -0.232431    0.100405
 0.253191   -0.000000   -0.232431   -0.100405
 0.198189    0.123336   -0.142416    0.061521
 0.198189    0.123336   -0.142416   -0.061521
 0.198189   -0.185004   -0.035604    0.061521
 0.198189   -0.185004   -0.035604   -0.061521
 0.417404   -0.273535   -0.157925    0.272881
 0.417404   -0.273535   -0.157925   -0.272881
 0.417404    0.273535   -0.157925    0.272881
 0.417404    0.273535   -0.157925   -0.272881
 0.198189    0.185004   -0.035604    0.061521
 0.198189    0.185004   -0.035604   -0.061521
 0.253191   -0.201291    0.116216    0.100405
 0.253191   -0.201291    0.116216   -0.100405
 0.417404   -0.000000    0.315851    0.272881
 0.417404   -0.000000    0.315851   -0.272881
 0.253191    0.201291    0.116216    0.100405
 0.253191    0.201291    0.116216   -0.100405
 0.198189   -0.061668    0.178020    0.061521
 0.198189   -0.061668    0.178020   -0.061521
 0.198189    0.061668    0.178020    0.061521
 0.198189    0.061668    0.178020   -0.061521
 0.198189   -0.123336   -0.142416    0.061521
 0.198189   -0.123336   -0.142416   -0.061521
 0.253191   -0.000000   -0.232431    0.100405
 0.253191   -0.000000   -0.232431   -0.100405
 0.198189    0.123336   -0.142416    0.061521
 0.198189    0.123336   -0.142416   -0.061521
 0.198189   -0.185004   -0.035604    0.061521
 0.198189   -0.185004   -0.035604   -0.061521
 0.417404   -0.273535   -0.157925    0.272881
 0.417404   -0.273535   -0.157925   -0.272881
 0.417404    0.273535   -0.157925    0.272881
 0.417404    0.273535   -0.157925   -0.272881
 0.198189    0.185004   -0.035604    0.061521
 0.198189    0.185004   -0.035604   -0.061521
 0.253191   -0.201291    0.116216    0.100405
 0.253191   -0.201291    0.116216   -0.100405
 0.417404   -0.000000    0.315851    0.272881
 0.417404   -0.000000    0.315851   -0.272881
 0.253191    0.201291    0.116216    0.100405
 0.253191    0.201291    0.116216   -0.100405
 0.198189   -0.061668    0.178020    0.061521
 0.198189   -0.061668    0.178020   -0.061521
 0.198189    0.061668    0.178020    0.061521
 0.198189    0.061668    0.178020   -0.061521
 0.198189   -0.123336   -0.142416    0.061521
 0.198189   -0.123336   -0.142416   -0.061521
 0.253191   -0.000000   -0.232431    0.100405
 0.253191   -0.000000   -0.232431   -0.100405
 0.198189    0.123336   -0.142416    0.061521
 0.198189    0.123336   -0.142416   -0.061521
 0.198189   -0.185004   -0.035604    0.061521
 0.198189   -0.185004   -0.035604   -0.061521
 0.417404   -0.273535   -0.157925    0.272881
 0.417404   -0.273535   -0.157925   -0.272881
 0.417404    0.273535   -0.157925    0.272881
 0.417404    0.273535   -0.157925   -0.272881
 0.198189    0.185004   -0.035604    0.061521
 0.198189    0.185004   -0.035604   -0.061521
 0.253191   -0.201291    0.116216    0.100405
 0.253191   -0.201291    0.116216   -0.100405
 0.417404   -0.000000    0.315851    0.272881
 0.417404   -0.000000    0.315851   -0.272881
 0.253191    0.201291    0.116216    0.100405
 0.253191    0.201291    0.116216   -0.100405
 0.198189   -0.061668    0.178020    0.061521
 0.198189   -0.061668    0.178020   -0.061521
 0.198189    0.061668    0.178020    0.061521
 0.198189    0.061668    0.178020   -0.061521
 0.198189   -0.123336   -0.142416    0.061521
 0.198189   -0.123336   -0.142416   -0.061521
 0.253191   -0.000000   -0.232431    0.100405
 0.253191   -0.000000   -0.232431   -0.100405
 0.198189    0.123336   -0.142416    0.061521
 0.198189    0.123336   -0.142416   -0.061521
 0.198189    0.185004   -0.035604    0.061521
 0.198189    0.185004   -0.035604   -0.061521
 0.198189   -0.185004   -0.035604    0.061521
 0.198189   -0.185004   -0.035604   -0.061521
 0.417404   -0.273535   -0.157925    0.272881
 0.417404   -0.273535   -0.157925   -0.272881
 0.417404    0.273535   -0.157925    0.272881
 0.417404    0.273535   -0.157925   -0.272881
 0.253191    0.201291    0.116216    0.100405
 0.253191    0.201291    0.116216   -0.100405
 0.253191   -0.201291    0.116216    0.100405
 0.253191   -0.201291    0.116216   -0.100405
 0.417404   -0.000000    0.315851    0.272881
 0.417404   -0.000000    0.315851   -0.272881
 0.198189    0.061668    0.178020    0.061521
 0.198189    0.061668    0.178020   -0.061521
 0.198189   -0.061668    0.178020    0.061521
 0.198189   -0.061668    0.178020   -0.061521
 0.198189   -0.061668    0.178020    0.061521
 0.198189   -0.061668    0.178020   -0.061521
 0.198189    0.061668    0.178020    0.061521
 0.198189    0.061668    0.178020   -0.061521
 0.198189    0.123336   -0.142416    0.061521
 0.198189    0.123336   -0.142416   -0.061521
 0.198189   -0.123336   -0.142416    0.061521
 0.198189   -0.123336   -0.142416   -0.061521
 0.253191   -0.000000   -0.232431    0.100405
 0.253191   -0.000000   -0.232431   -0.100405
 0.417404    0.273535   -0.157925    0.272881
 0.417404    0.273535   -0.157925   -0.272881
 0.198189    0.185004   -0.035604    0.061521
 0.198189    0.185004   -0.035604   -0.061521
 0.198189   -0.185004   -0.035604    0.061521
 0.198189   -0.185004   -0.035604   -0.061521
 0.417404   -0.273535   -0.157925    0.272881
 0.417404   -0.273535   -0.157925   -0.272881
 0.417404   -0.000000    0.315851    0.272881
 0.417404   -0.000000    0.315851   -0.272881
 0.253191    0.201291    0.116216    0.100405
 0.253191    0.201291    0.116216   -0.100405
 0.253191   -0.201291    0.116216    0.100405
 0.253191   -0.201291    0.116216   -0.100405
 0.198189   -0.061668    0.178020    0.061521
 0.198189   -0.061668    0.178020   -0.061521
 0.198189    0.061668    0.178020    0.061521
 0.198189    0.061668    0.178020   -0.061521
 0.253191   -0.000000   -0.232431    0.100405
 0.253191   -0.000000   -0.232431   -0.100405
 0.198189    0.123336   -0.142416    0.061521
 0.198189    0.123336   -0.142416   -0.061521
 0.198189   -0.123336   -0.142416    0.061521
 0.198189   -0.123336   -0.142416   -0.061521
 0.417404   -0.273535   -0.157925    0.272881
 0.417404   -0.273535   -0.157925   -0.272881
 0.417404    0.273535   -0.157925    0.272881
 0.417404    0.273535   -0.157925   -0.272881
 0.198189    0.185004   -0.035604    0.061521
 0.198189    0.185004   -0.035604   -0.061521
 0.198189   -0.185004   -0.035604    0.061521
 0.198189   -0.185004   -0.035604   -0.061521
 0.253191   -0.201291    0.116216    0.100405
 0.253191   -0.201291    0.116216   -0.100405
 0.417404   -0.000000    0.315851    0.272881
 0.417404   -0.000000    0.315851   -0.272881
 0.253191    0.201291    0.116216    0.100405
 0.253191    0.201291    0.116216   -0.100405
 0.198189   -0.061668    0.178020    0.061521
 0.198189   -0.061668    0.178020   -0.061521
 0.198189    0.061668    0.178020    0.061521
 0.198189    0.061668    0.178020   -0.061521
 0.198189   -0.123336   -0.142416    0.061521
 0.198189   -0.123336   -0.142416   -0.061521
 0.253191   -0.000000   -0.232431    0.100405
 0.253191   -0.000000   -0.232431   -0.100405
 0.198189    0.123336   -0.142416    0.061521
 0.198189    0.123336   -0.142416   -0.061521
 0.198189   -0.185004   -0.035604    0.061521
 0.198189   -0.185004   -0.035604   -0.061521
 0.417404   -0.273535   -0.157925    0.272881
 0.417404   -0.273535   -0.157925   -0.272881
 0.417404    0.273535   -0.157925    0.272881
 0.417404    0.273535   -0.157925   -0.272881
 0.198189    0.185004   -0.035604    0.061521
 0.198189    0.185004   -0.035604   -0.061521
 0.253191   -0.201291    0.116216    0.100405
 0.253191   -0.201291    0.116216   -0.100405
 0.417404   -0.000000    0.315851    0.272881
 0.417404   -0.000000    0.315851   -0.272881
 0.253191    0.201291    0.116216    0.100405
 0.253191    0.201291    0.116216   -0.100405
 0.198189   -0.061668    0.178020    0.061521
 0.198189   -0.061668    0.178020   -0.061521
 0.198189    0.061668    0.178020    0.061521
 0.198189    0.061668    0.178020   -0.061521
 0.198189   -0.123336   -0.142416    0.061521
 0.198189   -0.123336   -0.142416   -0.061521
 0.253191   -0.000000   -0.232431    0.100405
 0.253191   -0.000000   -0.232431   -0.100405
 0.198189    0.123336   -0.142416    0.061521
 0.198189    0.123336   -0.142416   -0.061521
 0.198189   -0.185004   -0.035604    0.061521
 0.198189   -0.185004   -0.035604   -0.061521
 0.417404   -0.273535   -0.157925    0.272881
 0.417404   -0.273535   -0.157925   -0.272881
 0.417404    0.273535   -0.157925    0.272881
 0.417404    0.273535   -0.157925   -0.272881
 0.198189    0.185004   -0.035604    0.061521
 0.198189    0.185004   -0.035604   -0.061521
 0.253191   -0.201291    0.116216    0.100405
 0.253191   -0.201291    0.116216   -0.100405
 0.417404   -0.000000    0.315851    0.272881
 0.417404   -0.000000    0.315851   -0.272881
 0.253191    0.201291    0.116216    0.100405
 0.253191    0.201291    0.116216   -0.100405
 0.198189   -0.061668    0.178020    0.061521
 0.198189   -0.061668    0.178020   -0.061521
 0.198189    0.061668    0.178020    0.061521
 0.198189    0.061668    0.178020   -0.061521
 0.198189   -0.123336   -0.142416    0.061521
 0.198189   -0.123336   -0.142416   -0.061521
 0.253191   -0.000000   -0.232431    0.100405
 0.253191   -0.000000   -0.232431   -0.100405
 0.198189    0.123336   -0.142416    0.061521
 0.198189    0.123336   -0.142416   -0.061521
 0.198189   -0.185004   -0.035604    0.061521
 0.198189   -0.185004   -0.035604   -0.061521
 0.417404   -0.273535   -0.157925    0.272881
 0.417404   -0.273535   -0.157925   -0.272881
 0.417404    0.273535   -0.157925    0.272881
 0.417404    0.273535   -0.157925   -0.272881
 0.198189    0.185004   -0.035604    0.061521
 0.198189    0.185004   -0.035604   -0.061521
 0.253191   -0.201291    0.116216    0.100405
 0.253191   -0.201291    0.116216   -0.100405
 0.417404   -0.000000    0.315851    0.272881
 0.417404   -0.000000    0.315851   -0.272881
 0.253191    0.201291    0.116216    0.100405
 0.253191    0.201291    0.116216   -0.100405
 0.198189    0.061668    0.178020    0.061521
 0.198189    0.061668    0.178020   -0.061521
 0.198189   -0.061668    0.178020    0.061521
 0.198189   -0.061668    0.178020   -0.061521
 0.198189   -0.123336   -0.142416    0.061521
 0.198189   -0.123336   -0.142416   -0.061521
 0.253191   -0.000000   -0.232431    0.100405
 0.253191   -0.000000   -0.232431   -0.100405
 0.198189    0.123336   -0.142416    0.061521
 0.198189    0.123336   -0.142416   -0.061521
 0.198189    0.185004   -0.035604    0.061521
 0.198189    0.185004   -0.035604   -0.061521
 0.198189   -0.185004   -0.035604    0.061521
 0.198189   -0.185004   -0.035604   -0.061521
 0.417404   -0.273535   -0.157925    0.272881
 0.417404   -0.273535   -0.157925   -0.272881
 0.417404    0.273535   -0.157925    0.272881
 0.417404    0.273535   -0.157925   -0.272881
 0.253191    0.201291    0.116216    0.100405
 0.253191    0.201291    0.116216   -0.100405
 0.253191   -0.201291    0.116216    0.100405
 0.253191   -0.201291    0.116216   -0.100405
 0.417404   -0.000000    0.315851    0.272881
 0.417404   -0.000000    0.315851   -0.272881
 0.417404   -0.000000    0.315851    0.272881
 0.417404   -0.000000    0.315851   -0.272881
 0.253191    0.201291    0.116216    0.100405
 0.253191    0.201291    0.116216   -0.100405
 0.253191   -0.201291    0.116216    0.100405
 0.253191   -0.201291    0.116216   -0.100405
 0.198189   -0.061668    0.178020    0.061521
 0.198189   -0.061668    0.178020   -0.061521
 0.198189    0.061668    0.178020    0.061521
 0.198189    0.061668    0.178020   -0.061521
 0.198189    0.123336   -0.142416    0.061521
 0.198189    0.123336   -0.142416   -0.061521
 0.198189   -0.123336   -0.142416    0.061521
 0.198189   -0.123336   -0.142416   -0.061521
 0.253191   -0.000000   -0.232431    0.100405
 0.253191   -0.000000   -0.232431   -0.100405
 0.417404    0.273535   -0.157925    0.272881
 0.417404    0.273535   -0.157925   -0.272881
 0.198189    0.185004   -0.035604    0.061521
 0.198189    0.185004   -0.035604   -0.061521
 0.198189   -0.185004   -0.035604    0.061521
 0.198189   -0.185004   -0.035604   -0.061521
 0.417404   -0.273535   -0.157925    0.272881
 0.417404   -0.273535   -0.157925   -0.272881
 0.253191   -0.201291    0.116216    0.100405
 0.253191   -0.201291    0.116216   -0.100405
 0.417404   -0.000000    0.315851    0.272881
 0.417404   -0.000000    0.315851   -0.272881
 0.253191    0.201291    0.116216    0.100405
 0.253191    0.201291    0.116216   -0.100405
 0.198189   -0.061668    0.178020    0.061521
 0.198189   -0.061668    0.178020   -0.061521
 0.198189    0.061668    0.178020    0.061521
 0.198189    0.061668    0.178020   -0.061521
 0.253191   -0.000000   -0.232431    0.100405
 0.253191   -0.000000   -0.232431   -0.100405
 0.198189    0.123336   -0.142416    0.061521
 0.198189    0.123336   -0.142416   -0.061521
 0.198189   -0.123336   -0.142416    0.061521
 0.198189   -0.123336   -0.142416   -0.061521
 0.417404   -0.273535   -0.157925    0.272881
 0.417404   -0.273535   -0.157925   -0.272881
 0.417404    0.273535   -0.157925    0.272881
 0.417404    0.273535   -0.157925   -0.272881
 0.198189    0.185004   -0.035604    0.061521
 0.198189    0.185004   -0.035604   -0.061521
 0.198189   -0.185004   -0.035604    0.061521
 0.198189   -0.185004   -0.035604   -0.061521
 0.253191   -0.201291    0.116216    0.100405
 0.253191   -0.201291    0.116216   -0.100405
 0.417404   -0.000000    0.315851    0.272881
 0.417404   -0.000000    0.315851   -0.272881
 0.253191    0.201291    0.116216    0.100405
 0.253191    0.201291    0.116216   -0.100405
 0.198189   -0.061668    0.178020    0.061521
 0.198189   -0.061668    0.178020   -0.061521
 0.198189    0.061668    0.178020    0.061521
 0.198189    0.061668    0.178020   -0.061521
 0.198189   -0.123336   -0.142416    0.061521
 0.198189   -0.123336   -0.142416   -0.061521
 0.253191   -0.000000   -0.232431    0.100405
 0.253191   -0.000000   -0.232431   -0.100405
 0.198189    0.123336   -0.142416    0.061521
 0.198189    0.123336   -0.142416   -0.061521
 0.198189   -0.185004   -0.035604    0.061521
 0.198189   -0.185004   -0.035604   -0.061521
 0.417404   -0.273535   -0.157925    0.272881
 0.417404   -0.273535   -0.157925   -0.272881
 0.417404    0.273535   -0.157925    0.272881
 0.417404    0.273535   -0.157925   -0.272881
 0.198189    0.185004   -0.035604    0.061521
 0.198189    0.185004   -0.035604   -0.061521
 0.253191   -0.201291    0.116216    0.100405
 0.253191   -0.201291    0.116216   -0.100405
 0.417404   -0.000000    0.315851    0.272881
 0.417404   -0.000000    0.315851   -0.272881
 0.253191    0.201291    0.116216    0.100405
 0.253191    0.201291    0.116216   -0.100405
 0.198189   -0.061668    0.178020    0.061521
 0.198189   -0.061668    0.178020   -0.061521
 0.198189    0.061668    0.178020    0.061521
 0.198189    0.061668    0.178020   -0.061521
 0.198189   -0.123336   -0.142416    0.061521
 0.198189   -0.123336   -0.142416   -0.061521
 0.253191   -0.000000   -0.232431    0.100405
 0.253191   -0.000000   -0.232431   -0.100405
 0.198189    0.123336   -0.142416    0.061521
 0.198189    0.123336   -0.142416   -0.061521
 0.198189   -0.185004   -0.035604    0.061521
 0.198189   -0.185004   -0.035604   -0.061521
 0.417404   -0.273535   -0.157925    0.272881
 0.417404   -0.273535   -0.157925   -0.272881
 0.417404    0.273535   -0.157925    0.272881
 0.417404    0.273535   -0.157925   -0.272881
 0.198189    0.185004   -0.035604    0.061521
 0.198189    0.185004   -0.035604   -0.061521
 0.253191   -0.201291    0.116216    0.100405
 0.253191   -0.201291    0.116216   -0.100405
 0.417404   -0.000000    0.315851    0.272881
 0.417404   -0.000000    0.315851   -0.272881
 0.253191    0.201291    0.116216    0.100405
 0.253191    0.201291    0.116216   -0.100405
 0.198189   -0.061668    0.178020    0.061521
 0.198189   -0.061668    0.178020   -0.061521
 0.198189    0.061668    0.178020    0.061521
 0.198189    0.061668    0.178020   -0.061521
 0.198189   -0.123336   -0.142416    0.061521
 0.198189   -0.123336   -0.142416   -0.061521
 0.253191   -0.000000   -0.232431    0.100405
 0.253191   -0.000000   -0.232431   -0.100405
 0.198189    0.123336   -0.142416    0.061521
 0.198189    0.123336   -0.142416   -0.061521
 0.198189   -0.185004   -0.035604    0.061521
 0.198189   -0.185004   -0.035604   -0.061521
 0.417404   -0.273535   -0.157925    0.272881
 0.417404   -0.273535   -0.157925   -0.272881
 0.417404    0.273535   -0.157925    0.272881
 0.417404    0.273535   -0.157925   -0.272881
 0.198189    0.185004   -0.035604    0.061521
 0.198189    0.185004   -0.035604   -0.061521
 0.253191    0.201291    0.116216    0.100405
 0.253191    0.201291    0.116216   -0.100405
 0.253191   -0.201291    0.116216    0.100405
 0.253191   -0.201291    0.116216   -0.100405
 0.417404   -0.000000    0.315851    0.272881
 0.417404   -0.000000    0.315851   -0.272881
 0.198189    0.061668    0.178020    0.061521
 0.198189    0.061668    0.178020   -0.061521
 0.198189   -0.061668    0.178020    0.061521
 0.198189   -0.061668    0.178020   -0.061521
 0.198189   -0.123336   -0.142416    0.061521
 0.198189   -0.123336   -0.142416   -0.061521
 0.253191   -0.000000   -0.232431    0.100405
 0.253191   -0.000000   -0.232431   -0.100405
 0.198189    0.123336   -0.142416    0.061521
 0.198189    0.123336   -0.142416   -0.061521
 0.198189    0.185004   -0.035604    0.061521
 0.198189    0.185004   -0.035604   -0.061521
 0.198189   -0.185004   -0.035604    0.061521
 0.198189   -0.185004   -0.035604   -0.061521
 0.417404   -0.273535   -0.157925    0.272881
 0.417404   -0.273535   -0.157925   -0.272881
 0.417404    0.273535   -0.157925    0.272881
 0.417404    0.273535   -0.157925   -0.272881
 0.185155   -0.177096    0.006014   -0.053695
 0.185155   -0.177096    0.006014    0.053695
 0.399369   -0.290797    0.111928   -0.249810
 0.399369   -0.290797    0.111928    0.249810
 0.399369    0.242331    0.195874   -0.249810
 0.399369    0.242331    0.195874    0.249810
 0.185155    0.166679    0.060145   -0.053695
 0.185155    0.166679    0.060145    0.053695
 0.185155   -0.135427    0.114276   -0.053695
 0.185155   -0.135427    0.114276    0.053695
 0.237560   -0.034298    0.217820   -0.088391
 0.237560   -0.034298    0.217820    0.088391
 0.185155    0.093757    0.150363   -0.053695
 0.185155    0.093757    0.150363    0.053695
 0.185155   -0.031252   -0.174421   -0.053695
 0.185155   -0.031252   -0.174421    0.053695
 0.185155    0.083339   -0.156377   -0.053695
 0.185155    0.083339   -0.156377    0.053695
 0.237560   -0.171488   -0.138612   -0.088391
 0.237560   -0.171488   -0.138612    0.088391
 0.399369    0.048466   -0.307801   -0.249810
 0.399369    0.048466   -0.307801    0.249810
 0.237560    0.205786   -0.079207   -0.088391
 0.237560    0.205786   -0.079207    0.088391
 0.185155   -0.177096    0.006014   -0.053695
 0.185155   -0.177096    0.006014    0.053695
 0.399369   -0.290797    0.111928   -0.249810
 0.399369   -0.290797    0.111928    0.249810
 0.399369    0.242331    0.195873   -0.249810
 0.399369    0.242331    0.195873    0.249810
 0.185155    0.166679    0.060145   -0.053695
 0.185155    0.166679    0.060145    0.053695
 0.185155   -0.135427    0.114276   -0.053695
 0.185155   -0.135427    0.114276    0.053695
 0.237560   -0.034298    0.217820   -0.088391
 0.237560   -0.034298    0.217820    0.088391
 0.185155    0.093757    0.150363   -0.053695
 0.185155    0.093757    0.150363    0.053695
 0.185155   -0.031252   -0.174421   -0.053695
 0.185155   -0.031252   -0.174421    0.053695
 0.185155    0.083339   -0.156377   -0.053695
 0.185155    0.083339   -0.156377    0.053695
 0.237560   -0.171488   -0.138612   -0.088391
 0.237560   -0.171488   -0.138612    0.088391
 0.399369    0.048466   -0.307801   -0.249810
 0.399369    0.048466   -0.307801    0.249810
 0.237560    0.205786   -0.079207   -0.088391
 0.237560    0.205786   -0.079207    0.088391
 0.185155   -0.177096    0.006015   -0.053695
 0.185155   -0.177096    0.006015    0.053695
 0.399369   -0.290797    0.111928   -0.249810
 0.399369   -0.290797    0.111928    0.249810
 0.399369    0.242331    0.195874   -0.249810
 0.399369    0.242331    0.195874    0.249810
 0.185155    0.166679    0.060145   -0.053695
 0.185155    0.166679    0.060145    0.053695
 0.185155   -0.135427    0.114276   -0.053695
 0.185155   -0.135427    0.114276    0.053695
 0.237560   -0.034298    0.217820   -0.088391
 0.237560   -0.034298    0.217820    0.088391
 0.185155    0.093757    0.150363   -0.053695
 0.185155    0.093757    0.150363    0.053695
 0.185155   -0.031252   -0.174421   -0.053695
 0.185155   -0.031252   -0.174421    0.053695
 0.185155    0.083339   -0.156377   -0.053695
 0.185155    0.083339   -0.156377    0.053695
 0.237560   -0.171488   -0.138612   -0.088391
 0.237560   -0.171488   -0.138612    0.088391
 0.399369    0.048466   -0.307801   -0.249810
 0.399369    0.048466   -0.307801    0.249810
 0.237560    0.205786   -0.079207   -0.088391
 0.237560    0.205786   -0.079207    0.088391
 0.237560    0.205786   -0.079207   -0.088391
 0.237560    0.205786   -0.079207    0.088391
 0.185155   -0.177096    0.006014   -0.053695
 0.185155   -0.177096    0.006014    0.053695
 0.399369   -0.290797    0.111928   -0.249810
 0.399369   -0.290797    0.111928    0.249810
 0.399369    0.242331    0.195874   -0.249810
 0.399369    0.242331    0.195874    0.249810
 0.185155    0.166679    0.060145   -0.053695
 0.185155    0.166679    0.060145    0.053695
 0.185155   -0.135427    0.114276   -0.053695
 0.185155   -0.135427    0.114276    0.053695
 0.237560   -0.034298    0.217820   -0.088391
 0.237560   -0.034298    0.217820    0.088391
 0.185155    0.093757    0.150363   -0.053695
 0.185155    0.093757    0.150363    0.053695
 0.185155   -0.031252   -0.174421   -0.053695
 0.185155   -0.031252   -0.174421    0.053695
 0.185155    0.083339   -0.156377   -0.053695
 0.185155    0.083339   -0.156377    0.053695
 0.237560   -0.171488   -0.138612   -0.088391
 0.237560   -0.171488   -0.138612    0.088391
 0.399369    0.048466   -0.307801   -0.249810
 0.399369    0.048466   -0.307801    0.249810
 0.399369    0.048466   -0.307801   -0.249810
 0.399369    0.048466   -0.307801    0.249810
 0.237560    0.205786   -0.079207   -0.088391
 0.237560    0.205786   -0.079207    0.088391
 0.185155   -0.177096    0.006014   -0.053695
 0.185155   -0.177096    0.006014    0.053695
 0.399369   -0.290797    0.111928   -0.249810
 0.399369   -0.290797    0.111928    0.249810
 0.399369    0.242331    0.195874   -0.249810
 0.399369    0.242331    0.195874    0.249810
 0.185155    0.166679    0.060145   -0.053695
 0.185155    0.166679    0.060145    0.053695
 0.185155   -0.135427    0.114276   -0.053695
 0.185155   -0.135427    0.114276    0.053695
 0.237560   -0.034298    0.217820   -0.088391
 0.237560   -0.034298    0.217820    0.088391
 0.185155    0.093757    0.150363   -0.053695
 0.185155    0.093757    0.150363    0.053695
 0.185155   -0.031252   -0.174421   -0.053695
 0.185155   -0.031252   -0.174421    0.053695
 0.185155    0.083339   -0.156377   -0.053695
 0.185155    0.083339   -0.156377    0.053695
 0.237560   -0.171488   -0.138612   -0.088391
 0.237560   -0.171488   -0.138612    0.088391
 0.237560   -0.171488   -0.138612   -0.088391
 0.237560   -0.171488   -0.138612    0.088391
 0.399369    0.048466   -0.307801   -0.249810
 0.399369    0.048466   -0.307801    0.249810
 0.237560    0.205786   -0.079207   -0.088391
 0.237560    0.205786   -0.079207    0.088391
 0.185155   -0.177096    0.006014   -0.053695
 0.185155   -0.177096    0.006014    0.053695
 0.399369   -0.290797    0.111928   -0.249810
 0.399369   -0.290797    0.111928    0.249810
 0.399369    0.242331    0.195874   -0.249810
 0.399369    0.242331    0.195874    0.249810
 0.185155    0.166679    0.060145   -0.053695
 0.185155    0.166679    0.060145    0.053695
 0.185155   -0.135427    0.114276   -0.053695
 0.185155   -0.135427    0.114276    0.053695
 0.237560   -0.034298    0.217820   -0.088391
 0.237560   -0.034298    0.217820    0.088391
 0.185155    0.093757    0.150363   -0.053695
 0.185155    0.093757    0.150363    0.053695
 0.185155   -0.031252   -0.174421   -0.053695
 0.185155   -0.031252   -0.174421    0.053695
 0.185155    0.083339   -0.156377   -0.053695
 0.185155    0.083339   -0.156377    0.053695
 0.237560   -0.171488   -0.138612   -0.088391
 0.237560   -0.171488   -0.138612    0.088391
 0.399369    0.048466   -0.307801   -0.249810
 0.399369    0.048466   -0.307801    0.249810
 0.237560    0.205786   -0.079207   -0.088391
 0.237560    0.205786   -0.079207    0.088391
 0.185155   -0.177096    0.006014   -0.053695
 0.185155   -0.177096    0.006014    0.053695
 0.399369   -0.290797    0.111928   -0.249810
 0.399369   -0.290797    0.111928    0.249810
 0.399369    0.242331    0.195873   -0.249810
 0.399369    0.242331    0.195873    0.249810
 0.185155    0.166679    0.060145   -0.053695
 0.185155    0.166679    0.060145    0.053695
 0.185155   -0.135427    0.114276   -0.053695
 0.185155   -0.135427    0.114276    0.053695
 0.237560   -0.034298    0.217820   -0.088391
 0.237560   -0.034298    0.217820    0.088391
 0.185155    0.093757    0.150363   -0.053695
 0.185155    0.093757    0.150363    0.053695
 0.185155   -0.031252   -0.174421   -0.053695
 0.185155   -0.031252   -0.174421    0.053695
 0.185155    0.083339   -0.156377   -0.053695
 0.185155    0.083339   -0.156377    0.053695
 0.237560   -0.171489   -0.138612   -0.088391
 0.237560   -0.171489   -0.138612    0.088391
 0.399369    0.048466   -0.307801   -0.249810
 0.399369    0.048466   -0.307801    0.249810
 0.237560    0.205786   -0.079207   -0.088391
 0.237560    0.205786   -0.079207    0.088391
 0.185155   -0.177096    0.006015   -0.053695
 0.185155   -0.177096    0.006015    0.053695
 0.399369   -0.290797    0.111928   -0.249810
 0.399369   -0.290797    0.111928    0.249810
 0.399369    0.242331    0.195874   -0.249810
 0.399369    0.242331    0.195874    0.249810
 0.185155    0.166679    0.060145   -0.053695
 0.185155    0.166679    0.060145    0.053695
 0.185155   -0.135427    0.114276   -0.053695
 0.185155   -0.135427    0.114276    0.053695
 0.237560   -0.034298    0.217820   -0.088391
 0.237560   -0.034298    0.217820    0.088391
 0.185155    0.093757    0.150363   -0.053695
 0.185155    0.093757    0.150363    0.053695
 0.185155   -0.031252   -0.174421   -0.053695
 0.185155   -0.031252   -0.174421    0.053695
 0.185155    0.083339   -0.156377   -0.053695
 0.185155    0.083339   -0.156377    0.053695
 0.237560   -0.171488   -0.138612   -0.088391
 0.237560   -0.171488   -0.138612    0.088391
 0.399369    0.048466   -0.307801   -0.249810
 0.399369    0.048466   -0.307801    0.249810
 0.237560    0.205786   -0.079207   -0.088391
 0.237560    0.205786   -0.079207    0.088391
 0.185155   -0.177096    0.006014   -0.053695
 0.185155   -0.177096    0.006014    0.053695
 0.399369   -0.290797    0.111928   -0.249810
 0.399369   -0.290797    0.111928    0.249810
 0.399369    0.242331    0.195874   -0.249810
 0.399369    0.242331    0.195874    0.249810
 0.185155    0.166679    0.060145   -0.053695
 0.185155    0.166679    0.060145    0.053695
 0.185155   -0.135427    0.114276   -0.053695
 0.185155   -0.135427    0.114276    0.053695
 0.237560   -0.034298    0.217820   -0.088391
 0.237560   -0.034298    0.217820    0.088391
 0.185155    0.093757    0.150363   -0.053695
 0.185155    0.093757    0.150363    0.053695
 0.185155   -0.031252   -0.174421   -0.053695
 0.185155   -0.031252   -0.174421    0.053695
 0.185155    0.083339   -0.156377   -0.053695
 0.185155    0.083339   -0.156377    0.053695
 0.185155    0.083339   -0.156377   -0.053695
 0.185155    0.083339   -0.156377    0.053695
 0.237560   -0.171488   -0.138612   -0.088391
 0.237560   -0.171488   -0.138612    0.088391
 0.399369    0.048466   -0.307801   -0.249810
 0.399369    0.048466   -0.307801    0.249810
 0.237560    0.205786   -0.079207   -0.088391
 0.237560    0.205786   -0.079207    0.088391
 0.185155   -0.177096    0.006014   -0.053695
 0.185155   -0.177096    0.006014    0.053695
 0.399369   -0.290797    0.111928   -0.249810
 0.399369   -0.290797    0.111928    0.249810
 0.399369    0.242331    0.195874   -0.249810
 0.399369    0.242331    0.195874    0.249810
 0.185155    0.166679    0.060145   -0.053695
 0.185155    0.166679    0.060145    0.053695
 0.185155   -0.135427    0.114276   -0.053695
 0.185155   -0.135427    0.114276    0.053695
 0.237560   -0.034298    0.217820   -0.088391
 0.237560   -0.034298    0.217820    0.088391
 0.185155    0.093757    0.150363   -0.053695
 0.185155    0.093757    0.150363    0.053695
 0.185155   -0.031252   -0.174421   -0.053695
 0.185155   -0.031252   -0.174421    0.053695
 0.185155   -0.031252   -0.174421   -0.053695
 0.185155   -0.031252   -0.174421    0.053695
 0.185155    0.083339   -0.156377   -0.053695
 0.185155    0.083339   -0.156377    0.053695
 0.237560   -0.171488   -0.138612   -0.088391
 0.237560   -0.171488   -0.138612    0.088391
 0.399369    0.048466   -0.307801   -0.249810
 0.399369    0.048466   -0.307801    0.249810
 0.237560    0.205786   -0.079207   -0.088391
 0.237560    0.205786   -0.079207    0.088391
 0.185155   -0.177096    0.006014   -0.053695
 0.185155   -0.177096    0.006014    0.053695
 0.399369   -0.290797    0.111928   -0.249810
 0.399369   -0.290797    0.111928    0.249810
 0.399369    0.242331    0.195874   -0.249810
 0.399369    0.242331    0.195874    0.249810
 0.185155    0.166679    0.060145   -0.053695
 0.185155    0.166679    0.060145    0.053695
 0.185155   -0.135427    0.114276   -0.053695
 0.185155   -0.135427    0.114276    0.053695
 0.237560   -0.034298    0.217820   -0.088391
 0.237560   -0.034298    0.217820    0.088391
 0.185155    0.093757    0.150363   -0.053695
 0.185155    0.093757    0.150363    0.053695
 0.185155   -0.031252   -0.174421   -0.053695
 0.185155   -0.031252   -0.174421    0.053695
 0.185155    0.083339   -0.156377   -0.053695
 0.185155    0.083339   -0.156377    0.053695
 0.237560   -0.171488   -0.138612   -0.088391
 0.237560   -0.171488   -0.138612    0.088391
 0.399369    0.048466   -0.307801   -0.249810
 0.399369    0.048466   -0.307801    0.249810
 0.237560    0.205786   -0.079207   -0.088391
 0.237560    0.205786   -0.079207    0.088391
 0.185155   -0.177096    0.006014   -0.053695
 0.185155   -0.177096    0.006014    0.053695
 0.399369   -0.290797    0.111928   -0.249810
 0.399369   -0.290797    0.111928    0.249810
 0.399369    0.242331    0.195874   -0.249810
 0.399369    0.242331    0.195874    0.249810
 0.185155    0.166679    0.060145   -0.053695
 0.185155    0.166679    0.060145    0.053695
 0.185155   -0.135427    0.114276   -0.053695
 0.185155   -0.135427    0.114276    0.053695
 0.237560   -0.034298    0.217820   -0.088391
 0.237560   -0.034298    0.217820    0.088391
 0.185155    0.093757    0.150363   -0.053695
 0.185155    0.093757    0.150363    0.053695
 0.185155   -0.031252   -0.174421   -0.053695
 0.185155   -0.031252   -0.174421    0.053695
 0.185155    0.083339   -0.156377   -0.053695
 0.185155    0.083339   -0.156377    0.053695
 0.237560   -0.171489   -0.138612   -0.088391
 0.237560   -0.171489   -0.138612    0.088391
 0.399369    0.048466   -0.307801   -0.249810
 0.399369    0.048466   -0.307801    0.249810
 0.237560    0.205786   -0.079207   -0.088391
 0.237560    0.205786   -0.079207    0.088391
 0.185155   -0.177096    0.006015   -0.053695
 0.185155   -0.177096    0.006015    0.053695
 0.399369   -0.290797    0.111928   -0.249810
 0.399369   -0.290797    0.111928    0.249810
 0.399369    0.242331    0.195874   -0.249810
 0.399369    0.242331    0.195874    0.249810
 0.185155    0.166679    0.060145   -0.053695
 0.185155    0.166679    0.060145    0.053695
 0.185155   -0.135427    0.114276   -0.053695
 0.185155   -0.135427    0.114276    0.053695
 0.237560   -0.034298    0.217820   -0.088391
 0.237560   -0.034298    0.217820    0.088391
 0.185155    0.093757    0.150363   -0.053695
 0.185155    0.093757    0.150363    0.053695
 0.185155   -0.031252   -0.174421   -0.053695
 0.185155   -0.031252   -0.174421    0.053695
 0.185155    0.083339   -0.156377   -0.053695
 0.185155    0.083339   -0.156377    0.053695
 0.237560   -0.171488   -0.138612   -0.088391
 0.237560   -0.171488   -0.138612    0.088391
 0.399369    0.048466   -0.307801   -0.249810
 0.399369    0.048466   -0.307801    0.249810
 0.237560    0.205786   -0.079207   -0.088391
 0.237560    0.205786   -0.079207    0.088391
 0.185155   -0.177096    0.006015   -0.053695
 0.185155   -0.177096    0.006015    0.053695
 0.399369   -0.290797    0.111928   -0.249810
 0.399369   -0.290797    0.111928    0.249810
 0.399369    0.242331    0.195874   -0.249810
 0.399369    0.242331    0.195874    0.249810
 0.185155    0.166679    0.060145   -0.053695
 0.185155    0.166679    0.060145    0.053695
 0.185155   -0.135427    0.114276   -0.053695
 0.185155   -0.135427    0.114276    0.053695
 0.237560   -0.034298    0.217820   -0.088391
 0.237560   -0.034298    0.217820    0.088391
 0.185155    0.093757    0.150363   -0.053695
 0.185155    0.093757    0.150363    0.053695
 0.185155   -0.031252   -0.174421   -0.053695
 0.185155   -0.031252   -0.174421    0.053695
 0.185155    0.083339   -0.156377   -0.053695
 0.185155    0.083339   -0.156377    0.053695
 0.237560   -0.171488   -0.138612   -0.088391
 0.237560   -0.171488   -0.138612    0.088391
 0.399369    0.048466   -0.307801   -0.249810
 0.399369    0.048466   -0.307801    0.249810
 0.237560    0.205786   -0.079207   -0.088391
 0.237560    0.205786   -0.079207    0.088391
 0.185155   -0.177096    0.006014   -0.053695
 0.185155   -0.177096    0.006014    0.053695
 0.399369   -0.290797    0.111928   -0.249810
 0.399369   -0.290797    0.111928    0.249810
 0.399369    0.242331    0.195874   -0.249810
 0.399369    0.242331    0.195874    0.249810
 0.185155    0.166679    0.060145   -0.053695
 0.185155    0.166679    0.060145    0.053695
 0.185155   -0.135427    0.114276   -0.053695
 0.185155   -0.135427    0.114276    0.053695
 0.237560   -0.034298    0.217820   -0.088391
 0.237560   -0.034298    0.217820    0.088391
 0.185155    0.093757    0.150363   -0.053695
 0.185155    0.093757    0.150363    0.053695
 0.185155   -0.031252   -0.174421   -0.053695
 0.185155   -0.031252   -0.174421    0.053695
 0.185155    0.083339   -0.156377   -0.053695
 0.185155    0.083339   -0.156377    0.053695
 0.237560   -0.171488   -0.138612   -0.088391
 0.237560   -0.171488   -0.138612    0.088391
 0.399369    0.048466   -0.307801   -0.249810
 0.399369    0.048466   -0.307801    0.249810
 0.237560    0.205786   -0.079207   -0.088391
 0.237560    0.205786   -0.079207    0.088391
 0.185155   -0.177096    0.006014   -0.053695
 0.185155   -0.177096    0.006014    0.053695
 0.399369   -0.290797    0.111928   -0.249810
 0.399369   -0.290797    0.111928    0.249810
 0.399369    0.242331    0.195874   -0.249810
 0.399369    0.242331    0.195874    0.249810
 0.185155    0.166679    0.060145   -0.053695
 0.185155    0.166679    0.060145    0.053695
 0.185155   -0.135427    0.114276   -0.053695
 0.185155   -0.135427    0.114276    0.053695
 0.237560   -0.034298    0.217820   -0.088391
 0.237560   -0.034298    0.217820    0.088391
 0.185155    0.093757    0.150363   -0.053695
 0.185155    0.093757    0.150363    0.053695
 0.185155   -0.031252   -0.174421   -0.053695
 0.185155   -0.031252   -0.174421    0.053695
 0.185155    0.083339   -0.156377   -0.053695
 0.185155    0.083339   -0.156377    0.053695
 0.237560   -0.171488   -0.138612   -0.088391
 0.237560   -0.171488   -0.138612    0.088391
 0.399369    0.048466   -0.307801   -0.249810
 0.399369    0.048466   -0.307801    0.249810
 0.237560    0.205786   -0.079207   -0.088391
 0.237560    0.205786   -0.079207    0.088391
 0.185155   -0.177096    0.006014   -0.053695
 0.185155   -0.177096    0.006014    0.053695
 0.399369   -0.290797    0.111928   -0.249810
 0.399369   -0.290797    0.111928    0.249810
 0.399369    0.242331    0.195874   -0.249810
 0.399369    0.242331    0.195874    0.249810
 0.185155    0.166679    0.060145   -0.053695
 0.185155    0.166679    0.060145    0.053695
 0.185155   -0.135427    0.114276   -0.053695
 0.185155   -0.135427    0.114276    0.053695
 0.237560   -0.034298    0.217820   -0.088391
 0.237560   -0.034298    0.217820    0.088391
 0.185155    0.093757    0.150363   -0.053695
 0.185155    0.093757    0.150363    0.053695
 0.185155   -0.031252   -0.174421   -0.053695
 0.185155   -0.031252   -0.174421    0.053695
 0.185155    0.083339   -0.156377   -0.053695
 0.185155    0.083339   -0.156377    0.053695
 0.237560   -0.171489   -0.138612   -0.088391
 0.237560   -0.171489   -0.138612    0.088391
 0.399369    0.048466   -0.307801   -0.249810
 0.399369    0.048466   -0.307801    0.249810
 0.237560    0.205786   -0.079207   -0.088391
 0.237560    0.205786   -0.079207    0.088391
 0.185155   -0.177096    0.006015   -0.053695
 0.185155   -0.177096    0.006015    0.053695
 0.399369   -0.290797    0.111928   -0.249810
 0.399369   -0.290797    0.111928    0.249810
 0.399369    0.242331    0.195874   -0.249810
 0.399369    0.242331    0.195874    0.249810
 0.185155    0.166679    0.060145   -0.053695
 0.185155    0.166679    0.060145    0.053695
 0.185155   -0.135427    0.114276   -0.053695
 0.185155   -0.135427    0.114276    0.053695
 0.237560   -0.034298    0.217820   -0.088391
 0.237560   -0.034298    0.217820    0.088391
 0.185155    0.093757    0.150363   -0.053695
 0.185155    0.093757    0.150363    0.053695
 0.185155   -0.031252   -0.174421   -0.053695
 0.185155   -0.031252   -0.174421    0.053695
 0.185155    0.083339   -0.156377   -0.053695
 0.185155    0.083339   -0.156377    0.053695
 0.237560   -0.171489   -0.138612   -0.088391
 0.237560   -0.171489   -0.138612    0.088391
 0.399369    0.048466   -0.307801   -0.249810
 0.399369    0.048466   -0.307801    0.249810
 0.237560    0.205786   -0.079207   -0.088391
 0.237560    0.205786   -0.079207    0.088391
 0.185155   -0.177096    0.006015   -0.053695
 0.185155   -0.177096    0.006015    0.053695
 0.399369   -0.290797    0.111928   -0.249810
 0.399369   -0.290797    0.111928    0.249810
 0.399369    0.242331    0.195874   -0.249810
 0.399369    0.242331    0.195874    0.249810
 0.185155    0.166679    0.060145   -0.053695
 0.185155    0.166679    0.060145    0.053695
 0.185155   -0.135427    0.114276   -0.053695
 0.185155   -0.135427    0.114276    0.053695
 0.237560   -0.034298    0.217820   -0.088391
 0.237560   -0.034298    0.217820    0.088391
 0.185155    0.093757    0.150363   -0.053695
 0.185155    0.093757    0.150363    0.053695
 0.185155   -0.031252   -0.174421   -0.053695
 0.185155   -0.031252   -0.174421    0.053695
 0.185155    0.083339   -0.156377   -0.053695
 0.185155    0.083339   -0.156377    0.053695
 0.237560   -0.171488   -0.138612   -0.088391
 0.237560   -0.171488   -0.138612    0.088391
 0.399369    0.048466   -0.307801   -0.249810
 0.399369    0.048466   -0.307801    0.249810
 0.237560    0.205786   -0.079207   -0.088391
 0.237560    0.205786   -0.079207    0.088391
 0.185155   -0.177096    0.006014   -0.053695
 0.185155   -0.177096    0.006014    0.053695
 0.399369   -0.290797    0.111928   -0.249810
 0.399369   -0.290797    0.111928    0.249810
 0.399369    0.242331    0.195874   -0.249810
 0.399369    0.242331    0.195874    0.249810
 0.185155    0.166679    0.060145   -0.053695
 0.185155    0.166679    0.060145    0.053695
 0.185155   -0.135427    0.114276   -0.053695
 0.185155   -0.135427    0.114276    0.053695
 0.237560   -0.034298    0.217820   -0.088391
 0.237560   -0.034298    0.217820    0.088391
 0.185155    0.093757    0.150363   -0.053695
 0.185155    0.093757    0.150363    0.053695
 0.185155   -0.031252   -0.174421   -0.053695
 0.185155   -0.031252   -0.174421    0.053695
 0.185155    0.083339   -0.156377   -0.053695
 0.185155    0.083339   -0.156377    0.053695
 0.237560   -0.171488   -0.138612   -0.088391
 0.237560   -0.171488   -0.138612    0.088391
 0.399369    0.048466   -0.307801   -0.249810
 0.399369    0.048466   -0.307801    0.249810
 0.237560    0.205786   -0.079207   -0.088391
 0.237560    0.205786   -0.079207    0.088391
 0.185155   -0.177096    0.006014   -0.053695
 0.185155   -0.177096    0.006014    0.053695
 0.399369   -0.290797    0.111928   -0.249810
 0.399369   -0.290797    0.111928    0.249810
 0.399369    0.242331    0.195874   -0.249810
 0.399369    0.242331    0.195874    0.249810
 0.185155    0.166679    0.060145   -0.053695
 0.185155    0.166679    0.060145    0.053695
 0.185155   -0.135427    0.114276   -0.053695
 0.185155   -0.135427    0.114276    0.053695
 0.237560   -0.034298    0.217820   -0.088391
 0.237560   -0.034298    0.217820    0.088391
 0.185155    0.093757    0.150363   -0.053695
 0.185155    0.093757    0.150363    0.053695
 0.185155   -0.031252   -0.174421   -0.053695
 0.185155   -0.031252   -0.174421    0.053695
 0.185155    0.083339   -0.156377   -0.053695
 0.185155    0.083339   -0.156377    0.053695
 0.237560   -0.171488   -0.138612   -0.088391
 0.237560   -0.171488   -0.138612    0.088391
 0.399369    0.048466   -0.307801   -0.249810
 0.399369    0.048466   -0.307801    0.249810
 0.237560    0.205786   -0.079207   -0.088391
 0.237560    0.205786   -0.079207    0.088391
 0.185155   -0.177096    0.006014   -0.053695
 0.185155   -0.177096    0.006014    0.053695
 0.399369   -0.290797    0.111928   -0.249810
 0.399369   -0.290797    0.111928    0.249810
 0.399369    0.242331    0.195874   -0.249810
 0.399369    0.242331    0.195874    0.249810
 0.185155    0.166679    0.060145   -0.053695
 0.185155    0.166679    0.060145    0.053695
 0.185155   -0.135427    0.114276   -0.053695
 0.185155   -0.135427    0.114276    0.053695
 0.237560   -0.034298    0.217820   -0.088391
 0.237560   -0.034298    0.217820    0.088391
 0.185155    0.093757    0.150363   -0.053695
 0.185155    0.093757    0.150363    0.053695
 0.185155   -0.031252   -0.174421   -0.053695
 0.185155   -0.031252   -0.174421    0.053695
 0.185155    0.083339   -0.156377   -0.053695
 0.185155    0.083339   -0.156377    0.053695
 0.237560   -0.171488   -0.138612   -0.088391
 0.237560   -0.171488   -0.138612    0.088391
 0.399369    0.048466   -0.307801   -0.249810
 0.399369    0.048466   -0.307801    0.249810
 0.237560    0.205786   -0.079207   -0.088391
 0.237560    0.205786   -0.079207    0.088391
 0.185155   -0.177096    0.006014   -0.053695
 0.185155   -0.177096    0.006014    0.053695
 0.399369   -0.290797    0.111928   -0.249810
 0.399369   -0.290797    0.111928    0.249810
 0.399369    0.242331    0.195873   -0.249810
 0.399369    0.242331    0.195873    0.249810
 0.185155    0.166679    0.060145   -0.053695
 0.185155    0.166679    0.060145    0.053695
 0.185155   -0.135427    0.114276   -0.053695
 0.185155   -0.135427    0.114276    0.053695
 0.237560   -0.034298    0.217820   -0.088391
 0.237560   -0.034298    0.217820    0.088391
 0.185155    0.093757    0.150363   -0.053695
 0.185155    0.093757    0.150363    0.053695
 0.185155    0.093757    0.150363   -0.053695
 0.185155    0.093757    0.150363    0.053695
 0.185155   -0.031252   -0.174421   -0.053695
 0.185155   -0.031252   -0.174421    0.053695
 0.185155    0.083339   -0.156377   -0.053695
 0.185155    0.083339   -0.156377    0.053695
 0.237560   -0.171489   -0.138612   -0.088391
 0.237560   -0.171489   -0.138612    0.088391
 0.399369    0.048466   -0.307801   -0.249810
 0.399369    0.048466   -0.307801    0.249810
 0.237560    0.205786   -0.079207   -0.088391
 0.237560    0.205786   -0.079207    0.088391
 0.185155   -0.177096    0.006015   -0.053695
 0.185155   -0.177096    0.006015    0.053695
 0.399369   -0.290797    0.111928   -0.249810
 0.399369   -0.290797    0.111928    0.249810
 0.399369    0.242331    0.195874   -0.249810
 0.399369    0.242331    0.195874    0.249810
 0.185155    0.166679    0.060145   -0.053695
 0.185155    0.166679    0.060145    0.053695
 0.185155   -0.135427    0.114276   -0.053695
 0.185155   -0.135427    0.114276    0.053695
 0.237560   -0.034298    0.217820   -0.088391
 0.237560   -0.034298    0.217820    0.088391
 0.237560   -0.034298    0.217820   -0.088391
 0.237560   -0.034298    0.217820    0.088391
 0.185155    0.093757    0.150363   -0.053695
 0.185155    0.093757    0.150363    0.053695
 0.185155   -0.031252   -0.174421   -0.053695
 0.185155   -0.031252   -0.174421    0.053695
 0.185155    0.083339   -0.156377   -0.053695
 0.185155    0.083339   -0.156377    0.053695
 0.237560   -0.171488   -0.138612   -0.088391
 0.237560   -0.171488   -0.138612    0.088391
 0.399369    0.048466   -0.307801   -0.249810
 0.399369    0.048466   -0.307801    0.249810
 0.237560    0.205786   -0.079207   -0.088391
 0.237560    0.205786   -0.079207    0.088391
 0.185155   -0.177096    0.006014   -0.053695
 0.185155   -0.177096    0.006014    0.053695
 0.399369   -0.290797    0.111928   -0.249810
 0.399369   -0.290797    0.111928    0.249810
 0.399369    0.242331    0.195874   -0.249810
 0.399369    0.242331    0.195874    0.249810
 0.185155    0.166679    0.060145   -0.053695
 0.185155    0.166679    0.060145    0.053695
 0.185155   -0.135427    0.114276   -0.053695
 0.185155   -0.135427    0.114276    0.053695
 0.185155   -0.135427    0.114276   -0.053695
 0.185155   -0.135427    0.114276    0.053695
 0.237560   -0.034298    0.217820   -0.088391
 0.237560   -0.034298    0.217820    0.088391
 0.185155    0.093757    0.150363   -0.053695
 0.185155    0.093757    0.150363    0.053695
 0.185155   -0.031252   -0.174421   -0.053695
 0.185155   -0.031252   -0.174421    0.053695
 0.185155    0.083339   -0.156377   -0.053695
 0.185155    0.083339   -0.156377    0.053695
 0.237560   -0.171488   -0.138612   -0.088391
 0.237560   -0.171488   -0.138612    0.088391
 0.399369    0.048466   -0.307801   -0.249810
 0.399369    0.048466   -0.307801    0.249810
 0.237560    0.205786   -0.079207   -0.088391
 0.237560    0.205786   -0.079207    0.088391
 0.185155   -0.177096    0.006014   -0.053695
 0.185155   -0.177096    0.006014    0.053695
 0.399369   -0.290797    0.111928   -0.249810
 0.399369   -0.290797    0.111928    0.249810
 0.399369    0.242331    0.195874   -0.249810
 0.399369    0.242331    0.195874    0.249810
 0.185155    0.166679    0.060145   -0.053695
 0.185155    0.166679    0.060145    0.053695
 0.185155   -0.135427    0.114276   -0.053695
 0.185155   -0.135427    0.114276    0.053695
 0.237560   -0.034298    0.217820   -0.088391
 0.237560   -0.034298    0.217820    0.088391
 0.185155    0.093757    0.150363   -0.053695
 0.185155    0.093757    0.150363    0.053695
 0.185155   -0.031252   -0.174421   -0.053695
 0.185155   -0.031252   -0.174421    0.053695
 0.185155    0.083339   -0.156377   -0.053695
 0.185155    0.083339   -0.156377    0.053695
 0.237560   -0.171488   -0.138612   -0.088391
 0.237560   -0.171488   -0.138612    0.088391
 0.399369    0.048466   -0.307801   -0.249810
 0.399369    0.048466   -0.307801    0.249810
 0.237560    0.205786   -0.079207   -0.088391
 0.237560    0.205786   -0.079207    0.088391
 0.185155   -0.177096    0.006014   -0.053695
 0.185155   -0.177096    0.006014    0.053695
 0.399369   -0.290797    0.111928   -0.249810
 0.399369   -0.290797    0.111928    0.249810
 0.399369    0.242331    0.195874   -0.249810
 0.399369    0.242331    0.195874    0.249810
 0.185155    0.166679    0.060145   -0.053695
 0.185155    0.166679    0.060145    0.053695
 0.185155   -0.135427    0.114276   -0.053695
 0.185155   -0.135427    0.114276    0.053695
 0.237560   -0.034298    0.217820   -0.088391
 0.237560   -0.034298    0.217820    0.088391
 0.185155    0.093757    0.150363   -0.053695
 0.185155    0.093757    0.150363    0.053695
 0.185155   -0.031252   -0.174421   -0.053695
 0.185155   -0.031252   -0.174421    0.053695
 0.185155    0.083339   -0.156377   -0.053695
 0.185155    0.083339   -0.156377    0.053695
 0.237560   -0.171488   -0.138612   -0.088391
 0.237560   -0.171488   -0.138612    0.088391
 0.399369    0.048466   -0.307801   -0.249810
 0.399369    0.048466   -0.307801    0.249810
 0.237560    0.205786   -0.079207   -0.088391
 0.237560    0.205786   -0.079207    0.088391
 0.185155   -0.177096    0.006014   -0.053695
 0.185155   -0.177096    0.006014    0.053695
 0.399369   -0.290797    0.111928   -0.249810
 0.399369   -0.290797    0.111928    0.249810
 0.399369    0.242331    0.195873   -0.249810
 0.399369    0.242331    0.195873    0.249810
 0.185155    0.166679    0.060145   -0.053695
 0.185155    0.166679    0.060145    0.053695
 0.185155    0.166679    0.060145   -0.053695
 0.185155    0.166679    0.060145    0.053695
 0.185155   -0.135427    0.114276   -0.053695
 0.185155   -0.135427    0.114276    0.053695
 0.237560   -0.034298    0.217820   -0.088391
 0.237560   -0.034298    0.217820    0.088391
 0.185155    0.093757    0.150363   -0.053695
 0.185155    0.093757    0.150363    0.053695
 0.185155   -0.031252   -0.174421   -0.053695
 0.185155   -0.031252   -0.174421    0.053695
 0.185155    0.083339   -0.156377   -0.053695
 0.185155    0.083339   -0.156377    0.053695
 0.237560   -0.171489   -0.138612   -0.088391
 0.237560   -0.171489   -0.138612    0.088391
 0.399369    0.048466   -0.307801   -0.249810
 0.399369    0.048466   -0.307801    0.249810
 0.237560    0.205786   -0.079207   -0.088391
 0.237560    0.205786   -0.079207    0.088391
 0.185155   -0.177096    0.006015   -0.053695
 0.185155   -0.177096    0.006015    0.053695
 0.399369   -0.290797    0.111928   -0.249810
 0.399369   -0.290797    0.111928    0.249810
 0.399369    0.242331    0.195874   -0.249810
 0.399369    0.242331    0.195874    0.249810
 0.399369    0.242331    0.195874   -0.249810
 0.399369    0.242331    0.195874    0.249810
 0.185155    0.166679    0.060145   -0.053695
 0.185155    0.166679    0.060145    0.053695
 0.185155   -0.135427    0.114276   -0.053695
 0.185155   -0.135427    0.114276    0.053695
 0.237560   -0.034298    0.217820   -0.088391
 0.237560   -0.034298    0.217820    0.088391
 0.185155    0.093757    0.150363   -0.053695
 0.185155    0.093757    0.150363    0.053695
 0.185155   -0.031252   -0.174421   -0.053695
 0.185155   -0.031252   -0.174421    0.053695
 0.185155    0.083339   -0.156377   -0.053695
 0.185155    0.083339   -0.156377    0.053695
 0.237560   -0.171488   -0.138612   -0.088391
 0.237560   -0.171488   -0.138612    0.088391
 0.399369    0.048466   -0.307801   -0.249810
 0.399369    0.048466   -0.307801    0.249810
 0.237560    0.205786   -0.079207   -0.088391
 0.237560    0.205786   -0.079207    0.088391
 0.185155   -0.177096    0.006014   -0.053695
 0.185155   -0.177096    0.006014    0.053695
 0.399369   -0.290797    0.111928   -0.249810
 0.399369   -0.290797    0.111928    0.249810
 0.399369   -0.290797    0.111928   -0.249810
 0.399369   -0.290797    0.111928    0.249810
 0.399369    0.242331    0.195874   -0.249810
 0.399369    0.242331    0.195874    0.249810
 0.185155    0.166679    0.060145   -0.053695
 0.185155    0.166679    0.060145    0.053695
 0.185155   -0.135427    0.114276   -0.053695
 0.185155   -0.135427    0.114276    0.053695
 0.237560   -0.034298    0.217820   -0.088391
 0.237560   -0.034298    0.217820    0.088391
 0.185155    0.093757    0.150363   -0.053695
 0.185155    0.093757    0.150363    0.053695
 0.185155   -0.031252   -0.174421   -0.053695
 0.185155   -0.031252   -0.174421    0.053695
 0.185155    0.083339   -0.156377   -0.053695
 0.185155    0.083339   -0.156377    0.053695
 0.237560   -0.171488   -0.138612   -0.088391
 0.237560   -0.171488   -0.138612    0.088391
 0.399369    0.048466   -0.307801   -0.249810
 0.399369    0.048466   -0.307801    0.249810
 0.237560    0.205786   -0.079207   -0.088391
 0.237560    0.205786   -0.079207    0.088391
 0.185155   -0.177096    0.006014   -0.053695
 0.185155   -0.177096    0.006014    0.053695
