 0.252665   -0.119627    0.065333    0.212745
 0.252665    0.093762    0.098933    0.212745
 0.185623   -0.022685    0.144072    0.114825
 0.169644   -0.027693   -0.137165    0.095906
 0.169644    0.068504   -0.122018    0.095906
 0.199182   -0.122565   -0.084683    0.132211
 0.269621    0.018408   -0.116909    0.242258
 0.199182    0.142658   -0.042922    0.132211
 0.196715    0.146985   -0.021498    0.128957
 0.247686   -0.102531    0.095073    0.204443
 0.234348    0.091785    0.114014    0.183017
 0.172838   -0.013616    0.140631    0.099551
 0.183622   -0.025614   -0.142954    0.112362
 0.177985    0.081823   -0.117639    0.105570
 0.213078   -0.131066   -0.073016    0.151303
 0.283026    0.036512   -0.086663    0.266946
 0.290525    0.055571   -0.046892    0.281279
 0.192045    0.147560   -0.001078    0.122906
 0.238551   -0.083580    0.118141    0.189642
 0.216223    0.087608    0.121667    0.155803
 0.199182   -0.022102   -0.147326    0.132211
 0.185623    0.095977   -0.109817    0.114825
 0.226566   -0.137786   -0.055535    0.171065
 0.238551   -0.141221   -0.031615    0.189642
 0.290525    0.072670   -0.002468    0.281279
 0.185623    0.144838    0.017127    0.114825
 0.226566   -0.064993    0.133585    0.171065
 0.199182    0.082380    0.124125    0.132211
 0.216223   -0.016575   -0.149008    0.155803
 0.192045    0.110203   -0.098135    0.122906
 0.247686   -0.139815   -0.001794    0.204443
 0.283026    0.085194    0.039818    0.266946
 0.177985    0.139581    0.032420    0.105570
 0.213078   -0.048288    0.142049    0.151303
 0.183622    0.076842    0.123236    0.112362
 0.172838   -0.104391   -0.095210    0.099551
 0.234348   -0.008344   -0.146130    0.183017
 0.196715    0.123468   -0.082599    0.128957
 0.252665   -0.132560    0.031733    0.212745
 0.269621    0.092042    0.074397    0.242258
 0.169644    0.132635    0.044600    0.095906
 0.199182   -0.034157    0.145006    0.132211
 0.169644    0.071419    0.120335    0.095906
 0.185623   -0.113427   -0.091682    0.114825
 0.252665    0.003233   -0.136267    0.212745
 0.199182    0.134621   -0.063803    0.132211
 0.184615   -0.124280   -0.075740    0.113580
 0.266557   -0.021591   -0.120500    0.236784
 0.214633    0.139986   -0.053881    0.153520
 0.236421   -0.135879    0.052300    0.186270
 0.266557    0.064773    0.103879    0.236784
 0.173665    0.128304    0.059967    0.100506
 0.184615   -0.041427    0.139520    0.113580
 0.173665    0.054987   -0.130516    0.100506
 0.196715   -0.133267   -0.065627    0.128957
 0.283026   -0.008114   -0.093690    0.266946
 0.213078    0.147162   -0.029206    0.151303
 0.234348   -0.122380    0.080291    0.183017
 0.247686    0.068354    0.121980    0.204443
 0.172838   -0.030258    0.138010    0.099551
 0.177985   -0.041714   -0.137091    0.105569
 0.183622    0.068304   -0.128165    0.112362
 0.193181    0.083161   -0.122215    0.124365
 0.208607   -0.141051   -0.050898    0.145021
 0.294505    0.008785   -0.055794    0.289038
 0.208607    0.149867   -0.005090    0.145021
 0.228439   -0.105715    0.103759    0.173904
 0.228439    0.068715    0.131225    0.173904
 0.193181   -0.041580   -0.141856    0.124365
 0.210066   -0.040228   -0.144513    0.147056
 0.201744    0.098942   -0.111868    0.135634
 0.219512   -0.146422   -0.030997    0.160578
 0.298653    0.027103   -0.010432    0.297238
 0.201744    0.148412    0.016661    0.135634
 0.219512   -0.087853    0.121169    0.160578
 0.210066    0.067046    0.134191    0.147056
 0.228439   -0.037000   -0.143432    0.173904
 0.208608    0.114604   -0.096705    0.145021
 0.228439   -0.148001   -0.006103    0.173904
 0.294505    0.043926    0.035505    0.289038
 0.193181    0.143641    0.034919    0.124365
 0.208607   -0.070526    0.132334    0.145021
 0.193181    0.064261    0.133127    0.124365
 0.172838   -0.114982   -0.082107    0.099551
 0.247686   -0.031070   -0.136330    0.204443
 0.213078    0.128767   -0.076999    0.151303
 0.234348   -0.144631    0.022482    0.183017
 0.283026    0.056796    0.074952    0.266946
 0.183622    0.136609    0.049294    0.112362
 0.196715   -0.054875    0.138042    0.128957
 0.177985    0.060966    0.129680    0.105570
 0.176219    0.039317   -0.137107    0.103484
 0.171219   -0.123230   -0.067718    0.097695
 0.257957   -0.057290   -0.118686    0.221750
 0.230358    0.131687   -0.066720    0.176839
 0.219512   -0.143981    0.040859    0.160578
 0.276080    0.027021    0.104748    0.254004
 0.187692    0.130242    0.066955    0.117398
 0.181684   -0.058511    0.132230    0.110003
 0.171219    0.046026    0.132865    0.097695
 0.171219   -0.054934   -0.129436    0.097695
 0.187692    0.051740   -0.137000    0.117398
 0.181684   -0.132068   -0.058876    0.110003
 0.276080   -0.050182   -0.095833    0.254004
 0.230358    0.142437   -0.038790    0.176839
 0.219512   -0.134220    0.066220    0.160578
 0.257957    0.037070    0.126469    0.221750
 0.176219    0.121097    0.075363    0.103484
 0.171219   -0.046026    0.132865    0.097695
 0.185623   -0.057586   -0.133997    0.114825
 0.199182    0.066306   -0.133406    0.132211
 0.192045   -0.140089   -0.046371    0.122906
 0.290525   -0.038472   -0.061700    0.281279
 0.226566    0.148185   -0.010507    0.171065
 0.216223   -0.120757    0.088858    0.155803
 0.238551    0.043231    0.138108    0.189642
 0.201744   -0.059777   -0.136859    0.135634
 0.210066    0.082690   -0.125159    0.147056
 0.201744   -0.146351   -0.029752    0.135634
 0.298653   -0.022586   -0.018256    0.297238
 0.219512    0.148862    0.015498    0.160578
 0.210066   -0.105038    0.107095    0.147056
 0.219512    0.046367    0.142303    0.160578
 0.219512   -0.061009   -0.136668    0.160578
 0.219512    0.100055   -0.111307    0.160578
 0.210066   -0.149736   -0.009032    0.147056
 0.298653   -0.004517    0.028688    0.297237
 0.210066    0.145266    0.037419    0.147056
 0.201744   -0.088635    0.120198    0.135634
 0.201744    0.047409    0.141620    0.135634
 0.238551   -0.060523   -0.131452    0.189642
 0.226566    0.116988   -0.091558    0.171065
 0.216223   -0.149171    0.015038    0.155803
 0.290525    0.012824    0.071572    0.281279
 0.199182    0.138639    0.054522    0.132211
 0.192045   -0.072846    0.128330    0.122906
 0.185623    0.047116    0.138027    0.114825
 0.177095    0.022237   -0.141225    0.104516
 0.245304   -0.085331   -0.112607    0.200530
 0.245304    0.115806   -0.080937    0.200530
 0.203062   -0.146182    0.031348    0.137413
 0.279489   -0.015824    0.100498    0.260314
 0.203062    0.129476    0.074753    0.137413
 0.177095   -0.073065    0.122884    0.104516
 0.177095    0.031767    0.139391    0.104516
 0.189831    0.032851   -0.143301    0.120089
 0.168112   -0.128819   -0.052888    0.094182
 0.263596   -0.084455   -0.093457    0.231551
 0.247686    0.130494   -0.050227    0.204443
 0.204407   -0.139660    0.053755    0.139239
 0.263596   -0.000000    0.125964    0.231551
 0.189831    0.120452    0.084295    0.120089
 0.168112   -0.060116    0.125609    0.094182
 0.177095   -0.069888   -0.124718    0.104516
 0.203062    0.045943   -0.142271    0.137413
 0.177095   -0.136600   -0.042184    0.104516
 0.279488   -0.079122   -0.063953    0.260314
 0.245304    0.140186   -0.017595    0.200530
 0.203062   -0.129476    0.074753    0.137413
 0.245304    0.012190    0.140759    0.200530
 0.177095    0.111186    0.089871    0.104516
 0.192045   -0.074714   -0.127252    0.122906
 0.216223    0.061562   -0.136704    0.155803
 0.185623   -0.143093   -0.028210    0.114825
 0.290525   -0.068395   -0.024680    0.281279
 0.238551    0.144103    0.013312    0.189642
 0.199182   -0.116537    0.092804    0.132211
 0.226566    0.020798    0.147094    0.171065
 0.208607   -0.079341   -0.127244    0.145021
 0.228439    0.079286   -0.125121    0.173904
 0.193181   -0.147422   -0.010912    0.124365
 0.294505   -0.052711    0.020289    0.289038
 0.228439    0.142716    0.039673    0.173904
 0.193181   -0.102061    0.106938    0.124365
 0.208607    0.026447    0.147603    0.145021
 0.226566   -0.083191   -0.123078    0.171065
 0.238551    0.097990   -0.106493    0.189642
 0.199182   -0.148685    0.009280    0.132211
 0.290525   -0.034198    0.064168    0.281279
 0.216223    0.137332    0.060150    0.155803
 0.185623   -0.087252    0.116869    0.114825
 0.192045    0.029886    0.144506    0.122906
 0.176219    0.004718   -0.142555    0.103484
 0.230358   -0.104812   -0.103959    0.176839
 0.257957    0.090990   -0.095338    0.221750
 0.171219    0.138077   -0.026573    0.097695
 0.187692   -0.144515    0.023692    0.117398
 0.276080   -0.057903    0.091376    0.254004
 0.219512    0.124459    0.083128    0.160578
 0.171219   -0.084628    0.112292    0.097695
 0.181684    0.015046    0.143813    0.110003
 0.168112    0.018607    0.138004    0.094182
 0.189831    0.012775   -0.146462    0.120089
 0.247686   -0.108745   -0.087897    0.204443
 0.263596    0.109088   -0.062982    0.231551
 0.168112    0.138838   -0.010743    0.094182
 0.189831   -0.140528    0.043201    0.120089
 0.263596   -0.038709    0.119869    0.231551
 0.204407    0.116384    0.094072    0.139239
 0.168112   -0.078723   -0.114866    0.094182
 0.204407    0.023277   -0.147827    0.139239
 0.168112    0.110212   -0.085117    0.094182
 0.263596   -0.109088   -0.062982    0.231551
 0.263596    0.123164   -0.026412    0.231551
 0.189831   -0.133227    0.062167    0.120089
 0.247686   -0.021749    0.138124    0.204443
 0.189831    0.107677    0.100100    0.120089
 0.181684   -0.085259   -0.116788    0.110003
 0.219512    0.036605   -0.145121    0.160578
 0.171219    0.120261   -0.072861    0.097695
 0.171219   -0.138077   -0.026573    0.097695
 0.276080   -0.104225   -0.028973    0.254004
 0.257957    0.131430    0.009728    0.221750
 0.187692   -0.123105    0.079316    0.117398
 0.230358   -0.008063    0.147404    0.176839
 0.176219    0.099079    0.102603    0.103484
 0.196715   -0.092111   -0.116544    0.128957
 0.234348    0.052846   -0.136495    0.183017
 0.172838    0.128598   -0.058523    0.099551
 0.177985   -0.142790   -0.012042    0.105569
 0.283026   -0.093308    0.011711    0.266946
 0.247686    0.133600    0.041258    0.204443
 0.183622   -0.110994    0.093659    0.112362
 0.213078    0.002299    0.150015    0.151303
 0.213078   -0.098874   -0.112843    0.151303
 0.247686    0.071461   -0.120186    0.204443
 0.172838    0.134650   -0.042801    0.099551
 0.183622   -0.145147    0.004929    0.112362
 0.283026   -0.077081    0.053872    0.266946
 0.234348    0.130724    0.065839    0.183017
 0.177985   -0.097867    0.104670    0.105569
 0.196715    0.009799    0.148226    0.128957
 0.184615   -0.003452    0.145500    0.113580
 0.173665   -0.012219   -0.141098    0.100506
 0.214633   -0.116655   -0.094291    0.153520
 0.266557    0.057576   -0.108034    0.236784
 0.184615    0.141542   -0.033884    0.113580
 0.173665   -0.140523    0.017637    0.100506
 0.266557   -0.093561    0.078948    0.236783
 0.236421    0.113233    0.091525    0.186270
 0.219512    0.107376    0.104262    0.160578
 0.171219    0.002969    0.140580    0.097695
 0.187692   -0.007137   -0.146270    0.117398
 0.171219    0.092052   -0.106292    0.097695
 0.230358   -0.123624   -0.080684    0.176839
 0.276080    0.077204   -0.075775    0.254004
 0.181684    0.143771   -0.015443    0.110003
 0.176219   -0.138396    0.034504    0.103484
 0.257957   -0.074140    0.108958    0.221750
 0.245304   -0.054855    0.130202    0.200530
 0.203062    0.100239    0.110923    0.137413
 0.203062   -0.000000   -0.149505    0.137413
 0.177095    0.104833   -0.097207    0.104516
 0.245304   -0.127996   -0.059823    0.200530
 0.279489    0.094946   -0.036545    0.260314
 0.177095    0.142954    0.001834    0.104516
 0.177095   -0.133423    0.051355    0.104516
 0.176219   -0.125815    0.067191    0.103484
 0.230358   -0.037625    0.142749    0.176839
 0.187692    0.092775    0.113308    0.117398
 0.171219   -0.092052   -0.106292    0.097695
 0.219512    0.009761   -0.149348    0.160578
 0.181684    0.117023   -0.084936    0.110003
 0.257957   -0.128060   -0.031131    0.221750
 0.276080    0.108085    0.004457    0.254004
 0.171219    0.139562    0.017144    0.097695
 0.173665   -0.116085    0.081131    0.100506
 0.214633   -0.023331    0.148172    0.153520
 0.173665    0.085536    0.112878    0.100506
 0.184615   -0.100115   -0.105637    0.113580
 0.236421    0.022646   -0.143825    0.186270
 0.184615    0.127733   -0.069760    0.113580
 0.266557   -0.122348    0.004155    0.236783
 0.266557    0.115151    0.041552    0.236784
 0.169644   -0.104942    0.092565    0.095906
 0.199182   -0.012056    0.148486    0.132211
 0.199182   -0.108500   -0.102084    0.132211
 0.252665    0.038798   -0.130667    0.212745
 0.185623    0.136113   -0.052390    0.114825
 0.169644   -0.139922    0.001683    0.095906
 0.269621   -0.110450    0.042512    0.242258
 0.252665    0.116394    0.070933    0.212745
 0.196715   -0.146985    0.021498   -0.128957
 0.290525   -0.055571    0.046892   -0.281279
 0.238551    0.141221    0.031615   -0.189642
 0.193181   -0.083161    0.122215   -0.124365
 0.210066    0.040228    0.144513   -0.147056
 0.168112   -0.018607   -0.138004   -0.094182
 0.219512   -0.107376   -0.104262   -0.160578
 0.245304    0.054855   -0.130202   -0.200530
 0.176219    0.125815   -0.067191   -0.103484
 0.192045   -0.147560    0.001078   -0.122906
 0.290525   -0.072670    0.002468   -0.281279
 0.247686    0.139815    0.001794   -0.204443
 0.201744   -0.098942    0.111868   -0.135634
 0.228439    0.037000    0.143432   -0.173904
 0.172838    0.114982    0.082107   -0.099551
 0.203062   -0.100239   -0.110923   -0.137413
 0.230358    0.037625   -0.142749   -0.176839
 0.173665    0.116085   -0.081131   -0.100506
 0.185623   -0.144838   -0.017127   -0.114825
 0.283026   -0.085194   -0.039818   -0.266946
 0.252665    0.132560   -0.031733   -0.212745
 0.184615    0.124280    0.075740   -0.113580
 0.208608   -0.114604    0.096705   -0.145021
 0.247686    0.031070    0.136330   -0.204443
 0.187692   -0.092775   -0.113308   -0.117398
 0.214633    0.023331   -0.148172   -0.153520
 0.169644    0.104942   -0.092565   -0.095906
 0.252665    0.119627   -0.065333   -0.212745
 0.177985   -0.139581   -0.032420   -0.105570
 0.269621   -0.092042   -0.074397   -0.242258
 0.266557    0.021591    0.120500   -0.236784
 0.196715    0.133267    0.065627   -0.128957
 0.213078   -0.128767    0.076999   -0.151303
 0.176219   -0.039317    0.137107   -0.103484
 0.171219    0.054934    0.129436   -0.097695
 0.173665   -0.085536   -0.112878   -0.100506
 0.199182    0.012056   -0.148486   -0.132211
 0.252665   -0.093762   -0.098933   -0.212745
 0.247686    0.102531   -0.095073   -0.204443
 0.169644   -0.132635   -0.044600   -0.095906
 0.214633   -0.139986    0.053881   -0.153520
 0.283026    0.008114    0.093690   -0.266946
 0.208607    0.141051    0.050898   -0.145021
 0.187692   -0.051740    0.137000   -0.117398
 0.185623    0.057586    0.133997   -0.114825
 0.184615    0.003452   -0.145500   -0.113580
 0.234348   -0.091785   -0.114014   -0.183017
 0.238551    0.083580   -0.118141   -0.189642
 0.213078   -0.147162    0.029206   -0.151303
 0.294505   -0.008785    0.055794   -0.289038
 0.219512    0.146422    0.030997   -0.160578
 0.199182   -0.066306    0.133406   -0.132211
 0.201744    0.059777    0.136859   -0.135634
 0.171219   -0.002969   -0.140580   -0.097695
 0.216223   -0.087608   -0.121667   -0.155803
 0.226566    0.064993   -0.133585   -0.171065
 0.208607   -0.149867    0.005090   -0.145021
 0.298653   -0.027103    0.010432   -0.297238
 0.228439    0.148001    0.006103   -0.173904
 0.210066   -0.082690    0.125159   -0.147056
 0.219512    0.061009    0.136668   -0.160578
 0.199182   -0.082380   -0.124125   -0.132211
 0.213078    0.048288   -0.142049   -0.151303
 0.201744   -0.148412   -0.016661   -0.135634
 0.294505   -0.043926   -0.035505   -0.289038
 0.234348    0.144631   -0.022482   -0.183017
 0.171219    0.123230    0.067718   -0.097695
 0.219512   -0.100055    0.111307   -0.160578
 0.238551    0.060523    0.131452   -0.189642
 0.183622   -0.076842   -0.123236   -0.112362
 0.199182    0.034157   -0.145006   -0.132211
 0.236421    0.135879   -0.052300   -0.186270
 0.193181   -0.143641   -0.034919   -0.124365
 0.283026   -0.056796   -0.074952   -0.266946
 0.257957    0.057290    0.118686   -0.221750
 0.181684    0.132068    0.058876   -0.110003
 0.226566   -0.116988    0.091558   -0.171065
 0.177095   -0.022237    0.141225   -0.104516
 0.185623    0.022685   -0.144072   -0.114825
 0.169644   -0.071419   -0.120335   -0.095906
 0.266557   -0.064773   -0.103879   -0.236784
 0.234348    0.122380   -0.080291   -0.183017
 0.183622   -0.136609   -0.049294   -0.112362
 0.230358   -0.131687    0.066720   -0.176839
 0.276080    0.050182    0.095833   -0.254004
 0.192045    0.140089    0.046371   -0.122906
 0.189831   -0.032851    0.143301   -0.120089
 0.177095    0.069888    0.124718   -0.104516
 0.172838    0.013616   -0.140631   -0.099551
 0.173665   -0.128304   -0.059967   -0.100506
 0.247686   -0.068354   -0.121980   -0.204443
 0.228439    0.105715   -0.103759   -0.173904
 0.230358   -0.142437    0.038790   -0.176839
 0.290525    0.038472    0.061700   -0.281279
 0.201744    0.146351    0.029752   -0.135634
 0.203062   -0.045943    0.142271   -0.137413
 0.192045    0.074714    0.127252   -0.122906
 0.228439   -0.068715   -0.131225   -0.173904
 0.219512    0.087853   -0.121169   -0.160578
 0.226566   -0.148185    0.010507   -0.171065
 0.298653    0.022586    0.018256   -0.297238
 0.210066    0.149736    0.009032   -0.147056
 0.216223   -0.061562    0.136704   -0.155803
 0.208607    0.079341    0.127244   -0.145021
 0.210066   -0.067046   -0.134191   -0.147056
 0.208607    0.070526   -0.132334   -0.145021
 0.219512   -0.148862   -0.015498   -0.160578
 0.298653    0.004517   -0.028688   -0.297237
 0.216223    0.149171   -0.015038   -0.155803
 0.228439   -0.079286    0.125121   -0.173904
 0.226566    0.083191    0.123078   -0.171065
 0.193181   -0.064261   -0.133127   -0.124365
 0.196715    0.054875   -0.138042   -0.128957
 0.219512    0.143981   -0.040859   -0.160578
 0.210066   -0.145266   -0.037419   -0.147056
 0.290525   -0.012824   -0.071572   -0.281279
 0.245304    0.085331    0.112607   -0.200530
 0.168112    0.128819    0.052888   -0.094182
 0.238551   -0.097990    0.106493   -0.189642
 0.176219   -0.004718    0.142555   -0.103484
 0.184615    0.041427   -0.139520   -0.113580
 0.177985   -0.060966   -0.129680   -0.105570
 0.276080   -0.027021   -0.104748   -0.254004
 0.219512    0.134220   -0.066220   -0.160578
 0.199182   -0.138639   -0.054522   -0.132211
 0.245304   -0.115806    0.080937   -0.200530
 0.263596    0.084455    0.093457   -0.231551
 0.177095    0.136600    0.042184   -0.104516
 0.189831   -0.012775    0.146462   -0.120089
 0.168112    0.078723    0.114866   -0.094182
 0.172838    0.030258   -0.138010   -0.099551
 0.187692   -0.130242   -0.066955   -0.117398
 0.257957   -0.037070   -0.126469   -0.221750
 0.216223    0.120757   -0.088858   -0.155803
 0.247686   -0.130494    0.050227   -0.204443
 0.279488    0.079122    0.063953   -0.260314
 0.185623    0.143093    0.028210   -0.114825
 0.204407   -0.023277    0.147827   -0.139239
 0.181684    0.085259    0.116788   -0.110003
 0.176219   -0.121097   -0.075363   -0.103484
 0.238551   -0.043231   -0.138108   -0.189642
 0.210066    0.105038   -0.107095   -0.147056
 0.245304   -0.140186    0.017595   -0.200530
 0.290525    0.068395    0.024680   -0.281279
 0.193181    0.147422    0.010912   -0.124365
 0.168112   -0.110212    0.085117   -0.094182
 0.219512   -0.036605    0.145121   -0.160578
 0.196715    0.092111    0.116544   -0.128957
 0.219512   -0.046367   -0.142303   -0.160578
 0.201744    0.088635   -0.120198   -0.135634
 0.238551   -0.144103   -0.013312   -0.189642
 0.294505    0.052711   -0.020289   -0.289038
 0.199182    0.148685   -0.009280   -0.132211
 0.171219   -0.120261    0.072861   -0.097695
 0.234348   -0.052846    0.136495   -0.183017
 0.213078    0.098874    0.112843   -0.151303
 0.201744   -0.047409   -0.141620   -0.135634
 0.192045    0.072846   -0.128330   -0.122906
 0.203062    0.146182   -0.031348   -0.137413
 0.228439   -0.142716   -0.039673   -0.173904
 0.290525    0.034198   -0.064168   -0.281279
 0.230358    0.104812    0.103959   -0.176839
 0.172838   -0.128598    0.058523   -0.099551
 0.247686   -0.071461    0.120186   -0.204443
 0.173665    0.012219    0.141098   -0.100506
 0.181684    0.058511   -0.132230   -0.110003
 0.185623   -0.047116   -0.138027   -0.114825
 0.279489    0.015824   -0.100498   -0.260314
 0.204407    0.139660   -0.053755   -0.139239
 0.216223   -0.137332   -0.060150   -0.155803
 0.257957   -0.090990    0.095338   -0.221750
 0.247686    0.108745    0.087897   -0.204443
 0.172838   -0.134650    0.042801   -0.099551
 0.187692    0.007137    0.146270   -0.117398
 0.171219   -0.046026   -0.132865   -0.097695
 0.171219    0.046026   -0.132865   -0.097695
 0.203062   -0.129476   -0.074753   -0.137413
 0.263596    0.000000   -0.125964   -0.231551
 0.203062    0.129476   -0.074753   -0.137413
 0.171219   -0.138077    0.026573   -0.097695
 0.263596   -0.109088    0.062982   -0.231551
 0.263596    0.109088    0.062982   -0.231551
 0.171219    0.138077    0.026573   -0.097695
 0.171219   -0.092052    0.106292   -0.097695
 0.203062    0.000000    0.149505   -0.137413
 0.171219    0.092052    0.106292   -0.097695
 0.189831   -0.120452   -0.084295   -0.120089
 0.245304   -0.012190   -0.140759   -0.200530
 0.199182    0.116537   -0.092804   -0.132211
 0.168112   -0.138838    0.010743   -0.094182
 0.263596   -0.123164    0.026412   -0.231551
 0.276080    0.104225    0.028973   -0.254004
 0.177985    0.142790    0.012042   -0.105569
 0.177095   -0.104833    0.097207   -0.104516
 0.219512   -0.009761    0.149348   -0.160578
 0.184615    0.100115    0.105637   -0.113580
 0.177095   -0.111186   -0.089871   -0.104516
 0.226566   -0.020798   -0.147094   -0.171065
 0.193181    0.102061   -0.106938   -0.124365
 0.257957   -0.131430   -0.009728   -0.221750
 0.283026    0.093308   -0.011711   -0.266946
 0.183622    0.145147   -0.004929   -0.112362
 0.181684   -0.117023    0.084936   -0.110003
 0.236421   -0.022646    0.143825   -0.186270
 0.199182    0.108500    0.102084   -0.132211
 0.169644    0.027693    0.137165   -0.095906
 0.208607   -0.026447   -0.147603   -0.145021
 0.185623    0.087252   -0.116869   -0.114825
 0.187692    0.144515   -0.023692   -0.117398
 0.247686   -0.133600   -0.041258   -0.204443
 0.283026    0.077081   -0.053872   -0.266946
 0.214633    0.116655    0.094291   -0.153520
 0.184615   -0.127733    0.069760   -0.113580
 0.252665   -0.038798    0.130667   -0.212745
 0.169644   -0.068504    0.122018   -0.095906
 0.183622    0.025614    0.142954   -0.112362
 0.177095    0.073065   -0.122884   -0.104516
 0.192045   -0.029886   -0.144506   -0.122906
 0.276080    0.057903   -0.091376   -0.254004
 0.189831    0.140528   -0.043201   -0.120089
 0.234348   -0.130724   -0.065839   -0.183017
 0.266557   -0.057576    0.108034   -0.236784
 0.230358    0.123624    0.080684   -0.176839
 0.185623   -0.136113    0.052390   -0.114825
 0.177985   -0.081823    0.117639   -0.105570
 0.199182    0.022102    0.147326   -0.132211
 0.177095   -0.031767   -0.139391   -0.104516
 0.168112    0.060116   -0.125609   -0.094182
 0.219512   -0.124459   -0.083128   -0.160578
 0.263596    0.038709   -0.119869   -0.231551
 0.189831    0.133227   -0.062167   -0.120089
 0.184615   -0.141542    0.033884   -0.113580
 0.276080   -0.077204    0.075775   -0.254004
 0.245304    0.127996    0.059823   -0.200530
 0.185623   -0.095977    0.109817   -0.114825
 0.216223    0.016575    0.149008   -0.155803
 0.172838    0.104391    0.095210   -0.099551
 0.204407   -0.116384   -0.094072   -0.139239
 0.247686    0.021749   -0.138124   -0.204443
 0.187692    0.123105   -0.079316   -0.117398
 0.181684   -0.143771    0.015443   -0.110003
 0.279489   -0.094946    0.036545   -0.260314
 0.257957    0.128060    0.031131   -0.221750
 0.192045   -0.110203    0.098135   -0.122906
 0.234348    0.008344    0.146130   -0.183017
 0.185623    0.113427    0.091682   -0.114825
 0.189831   -0.107677   -0.100100   -0.120089
 0.230358    0.008063   -0.147404   -0.176839
 0.183622    0.110994   -0.093659   -0.112362
 0.177095   -0.142954   -0.001834   -0.104516
 0.276080   -0.108085   -0.004457   -0.254004
 0.266557    0.122348   -0.004155   -0.236783
 0.169644    0.139922   -0.001683   -0.095906
 0.199182    0.122565    0.084683   -0.132211
 0.196715   -0.123468    0.082599   -0.128957
 0.252665   -0.003233    0.136267   -0.212745
 0.176219   -0.099079   -0.102603   -0.103484
 0.213078   -0.002299   -0.150015   -0.151303
 0.177985    0.097867   -0.104670   -0.105569
 0.173665    0.140523   -0.017637   -0.100506
 0.171219   -0.139562   -0.017144   -0.097695
 0.266557   -0.115151   -0.041552   -0.236784
 0.269621    0.110450   -0.042512   -0.242258
 0.269621   -0.018408    0.116909   -0.242258
 0.213078    0.131066    0.073016   -0.151303
 0.199182   -0.134621    0.063803   -0.132211
 0.173665   -0.054987    0.130516   -0.100506
 0.177985    0.041714    0.137091   -0.105569
 0.171219    0.084628   -0.112292   -0.097695
 0.196715   -0.009799   -0.148226   -0.128957
 0.266557    0.093561   -0.078948   -0.236783
 0.176219    0.138396   -0.034504   -0.103484
 0.252665   -0.116394   -0.070933   -0.212745
 0.199182   -0.142658    0.042922   -0.132211
 0.283026   -0.036512    0.086663   -0.266946
 0.226566    0.137786    0.055535   -0.171065
 0.183622   -0.068304    0.128165   -0.112362
 0.193181    0.041580    0.141856   -0.124365
 0.181684   -0.015046   -0.143813   -0.110003
 0.236421   -0.113233   -0.091525   -0.186270
 0.257957    0.074140   -0.108958   -0.221750
 0.177095    0.133423   -0.051355   -0.104516
