   -0.0001684900   0.0001321900   0.0007472000
   0.0000249300   0.0005226700   0.0006159700
   -0.0000603600   0.0005153400   0.0003381500
   -0.0003363600   0.0000996100   0.0001453500
   -0.0005493300   -0.0002644200   0.0002955200
   -0.0004638300   -0.0002401400   0.0006146000
   -0.0003383400   -0.0000283000   0.0008311900
   -0.0001067000   0.0004186800   0.0007919500
   0.0000440600   0.0006062500   0.0002968600
   -0.0000197500   0.0002911200   -0.0002652400
   -0.0002452500   -0.0001628100   -0.0002658600
   -0.0004162900   -0.0003087300   0.0003367800
   -0.0001083200   -0.0002211900   0.0008891000
   -0.0000980300   0.0001151600   0.0011826000
   0.0000825100   0.0003626400   0.0008487800
   0.0002514000   0.0002378900   0.0001455500
   0.0002619500   -0.0001321300   -0.0002656100
   0.0000817700   -0.0003397000   0.0001449000
   0.0002743500   -0.0002536100   0.0008480600
   0.0000407000   -0.0000649900   0.0013455500
   0.0000355100   0.0000656100   0.0013455300
   0.0002445500   0.0000146100   0.0008893900
   0.0004748900   -0.0002071300   0.0003370900
   0.0005046100   -0.0003425400   0.0002958400
   0.0004177600   -0.0001141900   0.0007917500
   0.0001496400   0.0000290500   0.0011828000
   -0.0000772000   -0.0000030400   0.0013456200
   -0.0000510100   -0.0001444700   0.0011820300
   0.0001937200   -0.0002796300   0.0008312500
   0.0004415600   -0.0002807700   0.0006150900
   0.0002011700   0.0000831800   0.0007479100
   0.0001446200   0.0003099200   0.0008324700
   -0.0001386100   0.0002058400   0.0008899700
   -0.0003579500   -0.0001093400   0.0008479600
   -0.0003084800   -0.0003030900   0.0007910200
   -0.0000281300   -0.0002126200   0.0007472100
   0.0002288100   0.0002212700   -0.0005531500
   0.0001525600   0.0001484200   -0.0003211000
   0.0000552500   -0.0002030200   -0.0003201700
   0.0000437700   -0.0004138000   -0.0005135500
   0.0001248500   -0.0002264100   -0.0006873600
   0.0002555800   0.0001199700   -0.0006361100
   0.0003372500   0.0002464700   -0.0005143400
   0.0002460700   0.0000013300   -0.0005079000
   0.0000779600   -0.0003112500   -0.0005526300
   -0.0000265100   -0.0002854600   -0.0006363100
   -0.0000010600   -0.0000015100   -0.0006783400
   0.0001321100   0.0002223000   -0.0006877300
   0.0001975900   0.0001676700   -0.0008238900
   0.0000885000   -0.0000682500   -0.0009083400
   -0.0001096700   -0.0001495600   -0.0008397000
   -0.0002594700   0.0000028800   -0.0006874900
   -0.0002326800   0.0001633100   -0.0006361100
   -0.0000721800   0.0001703600   -0.0008402200
   0.0000220200   0.0000551800   -0.0011161800
   -0.0000580400   -0.0000083500   -0.0011158300
   -0.0002431600   0.0000866000   -0.0008238300
   -0.0003809300   0.0001684300   -0.0005137500
   -0.0003058300   0.0000895600   -0.0005532000
   -0.0001007300   -0.0000407600   -0.0009092400
   0.0000341400   -0.0000451300   -0.0011158900
   0.0000131800   0.0001087600   -0.0009089700
   -0.0001227000   0.0002095100   -0.0005089400
   -0.0002011700   0.0000569500   -0.0003210300
   -0.0001200600   -0.0002105500   -0.0005082100
   0.0000461200   -0.0002529900   -0.0008236000
   0.0001803700   -0.0000202100   -0.0008396000
   -0.0002503300   0.0004939800   -0.0025991900
   -0.0000019900   -0.0000267900   0.0042663100
   -0.0008186200   0.0013978800   -0.0049027100
   -0.0000046800   -0.0000292300   0.0042182300
   -0.0015287500   0.0012439700   -0.0072682700
   0.0000243000   0.0000119500   0.0041620800
   -0.0016579800   0.0000575700   -0.0072847300
   0.0000418500   0.0000511800   0.0041624300
   -0.0010070100   -0.0007703900   -0.0049154900
   0.0000413700   0.0000476200   0.0042176800
   -0.0003015900   -0.0004644000   -0.0025990400
   0.0000249200   0.0000112800   0.0042655700
   -0.0003175100   -0.0002017000   -0.0030137100
   0.0000289800   -0.0000352500   0.0042355800
   -0.0001632400   0.0012571300   -0.0049155300
   0.0000208900   -0.0000597300   0.0042185600
   -0.0004749800   0.0016780700   -0.0086407000
   0.0000248500   -0.0000357300   0.0041775900
   -0.0010452400   0.0003790600   -0.0104871600
   0.0000236800   0.0000168200   0.0041533900
   -0.0012162100   -0.0012499900   -0.0086405100
   0.0000183000   0.0000396300   0.0041767000
   -0.0008008000   -0.0014073200   -0.0049025800
   0.0000280400   0.0000110700   0.0042173500
   -0.0002486800   -0.0010718500   -0.0039872600
   0.0000113800   -0.0000185900   0.0041711700
   0.0002760300   0.0004449900   -0.0040020300
   0.0000271000   -0.0000548000   0.0041724800
   0.0008776500   0.0014061700   -0.0072851000
   0.0000224100   -0.0000624400   0.0041630200
   0.0008503900   0.0007143300   -0.0104869500
   0.0000024200   -0.0000299900   0.0041531600
   0.0001937700   -0.0010945500   -0.0104869200
   -0.0000267400   0.0000121400   0.0041528800
   -0.0003127700   -0.0019454400   -0.0072681500
   -0.0000223000   0.0000153400   0.0041613800
   0.0000763200   -0.0012084400   -0.0045470600
   -0.0000367700   0.0000019000   0.0041375100
   0.0001592600   -0.0002037900   -0.0031984800
   0.0000047900   -0.0000192200   0.0041263700
   0.0010084600   0.0006697000   -0.0045474300
   0.0000167000   -0.0000332600   0.0041379800
   0.0018407700   0.0007013400   -0.0072680500
   -0.0000025800   -0.0000273500   0.0041613900
   0.0016907400   -0.0004283100   -0.0086401900
   -0.0000433400   -0.0000040400   0.0041764800
   0.0007795400   -0.0014637300   -0.0072848200
   -0.0000647800   0.0000113100   0.0041624300
   0.0002478200   -0.0004609500   -0.0040017300
   -0.0000607100   0.0000043300   0.0041720800
   -0.0002558700   -0.0000358300   -0.0031982000
   -0.0000187400   0.0000056700   0.0041262600
   0.0000964700   0.0002392400   -0.0031983600
   0.0000139800   0.0000131400   0.0041261200
   0.0010527400   0.0003198900   -0.0039870500
   0.0000104100   0.0000185600   0.0041708900
   0.0016194200   0.0000100900   -0.0049020800
   -0.0000234700   0.0000186900   0.0042169100
   0.0011712500   -0.0004866200   -0.0049150600
   -0.0000613800   0.0000122100   0.0042175000
   -0.0000156100   0.0003771000   -0.0030137700
   -0.0000449000   -0.0000064400   0.0042358700
   -0.0008038600   0.0007523000   -0.0039870700
   -0.0000216100   0.0000002000   0.0041714000
   -0.0010854100   0.0005385500   -0.0045468900
   0.0000194800   0.0000311400   0.0041375900
   -0.0005232400   0.0000162700   -0.0040016300
   0.0000341900   0.0000507700   0.0041716100
   0.0003339400   -0.0001742200   -0.0030137600
   0.0000163300   0.0000428700   0.0042353000
   0.0005538300   -0.0000285900   -0.0025989600
   -0.0000214500   0.0000164700   0.0042655800
   0.0015249700   -0.0012911700   0.0485473600
   -0.0000039200   0.0000812100   -0.0458544500
   0.0021866300   -0.0001691600   0.0484857900
   -0.0000197700   0.0000343300   -0.0458734300
   0.0015832000   0.0005454700   0.0462873700
   -0.0000307200   -0.0000123200   -0.0459678500
   0.0003568600   -0.0001884300   0.0446915400
   -0.0000209200   -0.0000065300   -0.0460241800
   -0.0003193000   -0.0016427600   0.0462881100
   0.0000047500   0.0000339400   -0.0459688800
   0.0001223300   -0.0020059400   0.0498832900
   0.0000171100   0.0000591900   -0.0458360300
   0.0012011300   -0.0005129500   0.0517450500
   -0.0000145900   0.0000375200   -0.0457681000
   0.0016757300   0.0011090000   0.0498833600
   -0.0000603200   -0.0000147000   -0.0458357200
   0.0009446000   0.0008963300   0.0464858700
   -0.0000620900   -0.0000352100   -0.0459387100
   -0.0003624000   -0.0007626400   0.0456036800
   -0.0000143700   -0.0000190200   -0.0459596700
   -0.0012409200   -0.0018109300   0.0484859800
   0.0000385100   -0.0000021500   -0.0458741500
   -0.0010451500   -0.0007852200   0.0517447000
   0.0000394500   -0.0000077800   -0.0457678400
   -0.0001572000   0.0012971500   0.0517451200
   -0.0000261200   -0.0000309900   -0.0457680400
   0.0003555200   0.0019663900   0.0485466900
   -0.0000685200   -0.0000438000   -0.0458537400
   -0.0000384300   0.0006577500   0.0456412200
   -0.0000411800   -0.0000335600   -0.0459147000
   -0.0010426900   -0.0007891400   0.0460081100
   0.0000266300   -0.0000286700   -0.0459047800
   -0.0018814800   -0.0006754400   0.0485471200
   0.0000714000   -0.0000375600   -0.0458540700
   -0.0017979000   0.0008964400   0.0498833800
   0.0000432400   -0.0000450300   -0.0458354200
   -0.0009477500   0.0019794800   0.0484860600
   -0.0000208700   -0.0000330700   -0.0458736300
   -0.0001607900   0.0012978400   0.0460088900
   -0.0000368400   -0.0000085000   -0.0459055200
   -0.0000008500   -0.0000000000   0.0449464000
   -0.0000007300   -0.0000000300   -0.0459091800
   -0.0005494900   -0.0003620200   0.0456413600
   0.0000505400   -0.0000188200   -0.0459146100
   -0.0012490000   0.0003694100   0.0464862900
   0.0000612200   -0.0000367800   -0.0459389400
   -0.0012627000   0.0010984400   0.0462878100
   0.0000272300   -0.0000203700   -0.0459682500
   -0.0004781200   0.0006962100   0.0456040000
   -0.0000080800   0.0000230600   -0.0459599100
   0.0005881700   -0.0002953400   0.0456416200
   -0.0000090300   0.0000529700   -0.0459151100
   0.0012037900   -0.0005086800   0.0460089200
   0.0000105100   0.0000371600   -0.0459054100
   0.0008416700   0.0000658300   0.0456033600
   0.0000235000   -0.0000046900   -0.0459591500
   -0.0000143700   0.0004026900   0.0446915800
   0.0000172300   -0.0000153600   -0.0460243400
   -0.0003405000   -0.0002135700   0.0446917000
   0.0000057100   0.0000227600   -0.0460245400
   0.0003039100   -0.0012658500   0.0464860300
   0.0000007200   0.0000720600   -0.0459392400
