  2419906
  2420643
  2421380
  2419907
  2420644
  2421381
  2419908
  2420645
  2421382
  2422120
  2422857
  2423594
  2422121
  2422858
  2423595
  2422122
  2422859
  2423596
  2424334
  2425071
  2425808
  2424335
  2425072
  2425809
  2424336
  2425073
  2425810
  2426548
  2427285
  2428022
  2426549
  2427286
  2428023
  2426550
  2427287
  2428024
  2428762
  2429499
  2430236
  2428763
  2429500
  2430237
  2428764
  2429501
  2430238
  2430976
  2431713
  2432450
  2430977
  2431714
  2432451
  2430978
  2431715
  2432452
  2433190
  2433927
  2434664
  2433191
  2433928
  2434665
  2433192
  2433929
  2434666
  2435404
  2436141
  2436878
  2435405
  2436142
  2436879
  2435406
  2436143
  2436880
  2437618
  2438355
  2439092
  2437619
  2438356
  2439093
  2437620
  2438357
  2439094
  2439832
  2440569
  2441306
  2439833
  2440570
  2441307
  2439834
  2440571
  2441308
  2442046
  2442783
  2443520
  2442047
  2442784
  2443521
  2442048
  2442785
  2443522
  2444260
  2444997
  2445734
  2444261
  2444998
  2445735
  2444262
  2444999
  2445736
  2446474
  2447211
  2447948
  2446475
  2447212
  2447949
  2446476
  2447213
  2447950
  2448688
  2449425
  2450162
  2448689
  2449426
  2450163
  2448690
  2449427
  2450164
  2450902
  2451639
  2452376
  2450903
  2451640
  2452377
  2450904
  2451641
  2452378
  2453116
  2453853
  2454590
  2453117
  2453854
  2454591
  2453118
  2453855
  2454592
  2455330
  2456067
  2456804
  2455331
  2456068
  2456805
  2455332
  2456069
  2456806
  2457544
  2458281
  2459018
  2457545
  2458282
  2459019
  2457546
  2458283
  2459020
  2459758
  2460495
  2461232
  2459759
  2460496
  2461233
  2459760
  2460497
  2461234
  2461972
  2462709
  2463446
  2461973
  2462710
  2463447
  2461974
  2462711
  2463448
  2464186
  2464923
  2465660
  2464187
  2464924
  2465661
  2464188
  2464925
  2465662
  2466400
  2467137
  2467874
  2466401
  2467138
  2467875
  2466402
  2467139
  2467876
  2468614
  2469351
  2470088
  2468615
  2469352
  2470089
  2468616
  2469353
  2470090
  2470828
  2471565
  2472302
  2470829
  2471566
  2472303
  2470830
  2471567
  2472304
  2473042
  2473779
  2474516
  2473043
  2473780
  2474517
  2473044
  2473781
  2474518
  2475256
  2475993
  2476730
  2475257
  2475994
  2476731
  2475258
  2475995
  2476732
  2477470
  2478207
  2478944
  2477471
  2478208
  2478945
  2477472
  2478209
  2478946
  2479684
  2480421
  2481158
  2479685
  2480422
  2481159
  2479686
  2480423
  2481160
  2481898
  2482635
  2483372
  2481899
  2482636
  2483373
  2481900
  2482637
  2483374
  2484112
  2484849
  2485586
  2484113
  2484850
  2485587
  2484114
  2484851
  2485588
  2486326
  2487063
  2487800
  2486327
  2487064
  2487801
  2486328
  2487065
  2487802
  2488540
  2489277
  2490014
  2488541
  2489278
  2490015
  2488542
  2489279
  2490016
  2490754
  2491491
  2492228
  2490755
  2491492
  2492229
  2490756
  2491493
  2492230
  2492968
  2493705
  2494442
  2492969
  2493706
  2494443
  2492970
  2493707
  2494444
  2495182
  2495919
  2496656
  2495183
  2495920
  2496657
  2495184
  2495921
  2496658
  2497396
  2498133
  2498870
  2497397
  2498134
  2498871
  2497398
  2498135
  2498872
  2499610
  2500347
  2501084
  2499611
  2500348
  2501085
  2499612
  2500349
  2501086
  2501824
  2502561
  2503298
  2501825
  2502562
  2503299
  2501826
  2502563
  2503300
  2504038
  2504775
  2505512
  2504039
  2504776
  2505513
  2504040
  2504777
  2505514
  2506252
  2506989
  2507726
  2506253
  2506990
  2507727
  2506254
  2506991
  2507728
  2508466
  2509203
  2509940
  2508467
  2509204
  2509941
  2508468
  2509205
  2509942
  2510680
  2511417
  2512154
  2510681
  2511418
  2512155
  2510682
  2511419
  2512156
  2512894
  2513631
  2514368
  2512895
  2513632
  2514369
  2512896
  2513633
  2514370
  2515108
  2515845
  2516582
  2515109
  2515846
  2516583
  2515110
  2515847
  2516584
  2517322
  2518059
  2518796
  2517323
  2518060
  2518797
  2517324
  2518061
  2518798
  2519536
  2520273
  2521010
  2519537
  2520274
  2521011
  2519538
  2520275
  2521012
  2521750
  2522487
  2523224
  2521751
  2522488
  2523225
  2521752
  2522489
  2523226
  2523964
  2524701
  2525438
  2523965
  2524702
  2525439
  2523966
  2524703
  2525440
  2526178
  2526915
  2527652
  2526179
  2526916
  2527653
  2526180
  2526917
  2527654
  2528392
  2529129
  2529866
  2528393
  2529130
  2529867
  2528394
  2529131
  2529868
  2530606
  2531343
  2532080
  2530607
  2531344
  2532081
  2530608
  2531345
  2532082
  2532820
  2533557
  2534294
  2532821
  2533558
  2534295
  2532822
  2533559
  2534296
  2535034
  2535771
  2536508
  2535035
  2535772
  2536509
  2535036
  2535773
  2536510
  2537248
  2537985
  2538722
  2537249
  2537986
  2538723
  2537250
  2537987
  2538724
  2539462
  2540199
  2540936
  2539463
  2540200
  2540937
  2539464
  2540201
  2540938
  2541676
  2542413
  2543150
  2541677
  2542414
  2543151
  2541678
  2542415
  2543152
  2543890
  2544627
  2545364
  2543891
  2544628
  2545365
  2543892
  2544629
  2545366
  2546104
  2546841
  2547578
  2546105
  2546842
  2547579
  2546106
  2546843
  2547580
  2548318
  2549055
  2549792
  2548319
  2549056
  2549793
  2548320
  2549057
  2549794
  2550532
  2551269
  2552006
  2550533
  2551270
  2552007
  2550534
  2551271
  2552008
  2552746
  2553483
  2554220
  2552747
  2553484
  2554221
  2552748
  2553485
  2554222
  2554960
  2555697
  2556434
  2554961
  2555698
  2556435
  2554962
  2555699
  2556436
  2557174
  2557911
  2558648
  2557175
  2557912
  2558649
  2557176
  2557913
  2558650
  2559388
  2560125
  2560862
  2559389
  2560126
  2560863
  2559390
  2560127
  2560864
  2561602
  2562339
  2563076
  2561603
  2562340
  2563077
  2561604
  2562341
  2563078
  2563816
  2564553
  2565290
  2563817
  2564554
  2565291
  2563818
  2564555
  2565292
  2566030
  2566767
  2567504
  2566031
  2566768
  2567505
  2566032
  2566769
  2567506
  2568244
  2568981
  2569718
  2568245
  2568982
  2569719
  2568246
  2568983
  2569720
  2570458
  2571195
  2571932
  2570459
  2571196
  2571933
  2570460
  2571197
  2571934
  2572672
  2573409
  2574146
  2572673
  2573410
  2574147
  2572674
  2573411
  2574148
  2574886
  2575623
  2576360
  2574887
  2575624
  2576361
  2574888
  2575625
  2576362
  2577100
  2577837
  2578574
  2577101
  2577838
  2578575
  2577102
  2577839
  2578576
  2579314
  2580051
  2580788
  2579315
  2580052
  2580789
  2579316
  2580053
  2580790
  2581528
  2582265
  2583002
  2581529
  2582266
  2583003
  2581530
  2582267
  2583004
  2583742
  2584479
  2585216
  2583743
  2584480
  2585217
  2583744
  2584481
  2585218
  2585956
  2586693
  2587430
  2585957
  2586694
  2587431
  2585958
  2586695
  2587432
  2588170
  2588907
  2589644
  2588171
  2588908
  2589645
  2588172
  2588909
  2589646
  2590384
  2591121
  2591858
  2590385
  2591122
  2591859
  2590386
  2591123
  2591860
  2592598
  2593335
  2594072
  2592599
  2593336
  2594073
  2592600
  2593337
  2594074
  2594812
  2595549
  2596286
  2594813
  2595550
  2596287
  2594814
  2595551
  2596288
  2597026
  2597763
  2598500
  2597027
  2597764
  2598501
  2597028
  2597765
  2598502
  2599240
  2599977
  2600714
  2599241
  2599978
  2600715
  2599242
  2599979
  2600716
  2601454
  2602191
  2602928
  2601455
  2602192
  2602929
  2601456
  2602193
  2602930
  2603668
  2604405
  2605142
  2603669
  2604406
  2605143
  2603670
  2604407
  2605144
  2605882
  2606619
  2607356
  2605883
  2606620
  2607357
  2605884
  2606621
  2607358
  2608096
  2608833
  2609570
  2608097
  2608834
  2609571
  2608098
  2608835
  2609572
  2610310
  2611047
  2611784
  2610311
  2611048
  2611785
  2610312
  2611049
  2611786
  2612524
  2613261
  2613998
  2612525
  2613262
  2613999
  2612526
  2613263
  2614000
  2614738
  2615475
  2616212
  2614739
  2615476
  2616213
  2614740
  2615477
  2616214
  2616952
  2617689
  2618426
  2616953
  2617690
  2618427
  2616954
  2617691
  2618428
  2619166
  2619903
  2620640
  2619167
  2619904
  2620641
  2619168
  2619905
  2620642
  2621380
  2622117
  2622854
  2621381
  2622118
  2622855
  2621382
  2622119
  2622856
  2623594
  2624331
  2625068
  2623595
  2624332
  2625069
  2623596
  2624333
  2625070
  2625808
  2626545
  2627282
  2625809
  2626546
  2627283
  2625810
  2626547
  2627284
  2628022
  2628759
  2629496
  2628023
  2628760
  2629497
  2628024
  2628761
  2629498
  2630236
  2630973
  2631710
  2630237
  2630974
  2631711
  2630238
  2630975
  2631712
  2632450
  2633187
  2633924
  2632451
  2633188
  2633925
  2632452
  2633189
  2633926
  2634664
  2635401
  2636138
  2634665
  2635402
  2636139
  2634666
  2635403
  2636140
  2636878
  2637615
  2638352
  2636879
  2637616
  2638353
  2636880
  2637617
  2638354
  2639092
  2639829
  2640566
  2639093
  2639830
  2640567
  2639094
  2639831
  2640568
  2641306
  2642043
  2642780
  2641307
  2642044
  2642781
  2641308
  2642045
  2642782
  2643520
  2644257
  2644994
  2643521
  2644258
  2644995
  2643522
  2644259
  2644996
  2645734
  2646471
  2647208
  2645735
  2646472
  2647209
  2645736
  2646473
  2647210
  2647948
  2648685
  2649422
  2647949
  2648686
  2649423
  2647950
  2648687
  2649424
  2650162
  2650899
  2651636
  2650163
  2650900
  2651637
  2650164
  2650901
  2651638
  2652376
  2653113
  2653850
  2652377
  2653114
  2653851
  2652378
  2653115
  2653852
  2654590
  2655327
  2656064
  2654591
  2655328
  2656065
  2654592
  2655329
  2656066
  2656804
  2657541
  2658278
  2656805
  2657542
  2658279
  2656806
  2657543
  2658280
  2659018
  2659755
  2660492
  2659019
  2659756
  2660493
  2659020
  2659757
  2660494
  2661232
  2661969
  2662706
  2661233
  2661970
  2662707
  2661234
  2661971
  2662708
  2663446
  2664183
  2664920
  2663447
  2664184
  2664921
  2663448
  2664185
  2664922
  2665660
  2666397
  2667134
  2665661
  2666398
  2667135
  2665662
  2666399
  2667136
  2667874
  2668611
  2669348
  2667875
  2668612
  2669349
  2667876
  2668613
  2669350
  2670088
  2670825
  2671562
  2670089
  2670826
  2671563
  2670090
  2670827
  2671564
  2672302
  2673039
  2673776
  2672303
  2673040
  2673777
  2672304
  2673041
  2673778
  2674516
  2675253
  2675990
  2674517
  2675254
  2675991
  2674518
  2675255
  2675992
  2676730
  2677467
  2678204
  2676731
  2677468
  2678205
  2676732
  2677469
  2678206
  2678944
  2679681
  2680418
  2678945
  2679682
  2680419
  2678946
  2679683
  2680420
  2681158
  2681895
  2682632
  2681159
  2681896
  2682633
  2681160
  2681897
  2682634
  2683372
  2684109
  2684846
  2683373
  2684110
  2684847
  2683374
  2684111
  2684848
  2685586
  2686323
  2687060
  2685587
  2686324
  2687061
  2685588
  2686325
  2687062
  2687800
  2688537
  2689274
  2687801
  2688538
  2689275
  2687802
  2688539
  2689276
  2690014
  2690751
  2691488
  2690015
  2690752
  2691489
  2690016
  2690753
  2691490
  2692228
  2692965
  2693702
  2692229
  2692966
  2693703
  2692230
  2692967
  2693704
  2694442
  2695179
  2695916
  2694443
  2695180
  2695917
  2694444
  2695181
  2695918
  2696656
  2697393
  2698130
  2696657
  2697394
  2698131
  2696658
  2697395
  2698132
  2698870
  2699607
  2700344
  2698871
  2699608
  2700345
  2698872
  2699609
  2700346
  2701084
  2701821
  2702558
  2701085
  2701822
  2702559
  2701086
  2701823
  2702560
  2703298
  2704035
  2704772
  2703299
  2704036
  2704773
  2703300
  2704037
  2704774
  2705512
  2706249
  2706986
  2705513
  2706250
  2706987
  2705514
  2706251
  2706988
  2707726
  2708463
  2709200
  2707727
  2708464
  2709201
  2707728
  2708465
  2709202
  2709940
  2710677
  2711414
  2709941
  2710678
  2711415
  2709942
  2710679
  2711416
  2712154
  2712891
  2713628
  2712155
  2712892
  2713629
  2712156
  2712893
  2713630
  2714368
  2715105
  2715842
  2714369
  2715106
  2715843
  2714370
  2715107
  2715844
