-2.789703
-0.108224
-0.107480
-0.108224
-2.787723
-0.109567
-0.107480
-0.109567
-2.793317
-2.783729
-0.111130
-0.107457
-0.111130
-2.783518
-0.110223
-0.107457
-0.110223
-2.781822
-2.787729
-0.103399
-0.107696
-0.103399
-2.782519
-0.106222
-0.107696
-0.106222
-2.793939
-2.791684
-0.117189
-0.113557
-0.117189
-2.791021
-0.116496
-0.113557
-0.116496
-2.787933
-2.794984
-0.106312
-0.112240
-0.106312
-2.786538
-0.107238
-0.112240
-0.107238
-2.796208
-2.785295
-0.111974
-0.107955
-0.111974
-2.788738
-0.113308
-0.107955
-0.113308
-2.783862
-2.798706
-0.108724
-0.112229
-0.108724
-2.787988
-0.105612
-0.112229
-0.105612
-2.791808
-2.782745
-0.110248
-0.107797
-0.110248
-2.787015
-0.112889
-0.107797
-0.112889
-2.786018
-2.794599
-0.107037
-0.107250
-0.107037
-2.784854
-0.103045
-0.107250
-0.103045
-2.784807
-2.787830
-0.115186
-0.114395
-0.115186
-2.790177
-0.117790
-0.114395
-0.117790
-2.792563
-2.793371
-0.109948
-0.107363
-0.109948
-2.788989
-0.108361
-0.107363
-0.108361
-2.788745
-2.781589
-0.109679
-0.107775
-0.109679
-2.782975
-0.111116
-0.107775
-0.111116
-2.784321
-2.789176
-0.105866
-0.103167
-0.105866
-2.783640
-0.105908
-0.103167
-0.105908
-2.788663
-2.790479
-0.116619
-0.114424
-0.116619
-2.790225
-0.116474
-0.114424
-0.116474
-2.790779
-2.790009
-0.106053
-0.107654
-0.106053
-2.786922
-0.112071
-0.107654
-0.112071
-2.797598
-2.785960
-0.112668
-0.107299
-0.112668
-2.786241
-0.110931
-0.107299
-0.110931
-2.781289
-2.792518
-0.107238
-0.111738
-0.107238
-2.788599
-0.113219
-0.111738
-0.113219
-2.800355
-2.784115
-0.111412
-0.106002
-0.111412
-2.784791
-0.110012
-0.106002
-0.110012
-2.780130
-2.794801
-0.108071
-0.110718
-0.108071
-2.786691
-0.107318
-0.110718
-0.107318
-2.792747
-2.788843
-0.115684
-0.113632
-0.115684
-2.789418
-0.116698
-0.113632
-0.116698
-2.789195
-2.799992
-0.113751
-0.110589
-0.113751
-2.791576
-0.107069
-0.110589
-0.107069
-2.789461
-2.780383
-0.109015
-0.108366
-0.109015
-2.784322
-0.112313
-0.108366
-0.112313
-2.786336
-2.797027
-0.112602
-0.106945
-0.112602
-2.789749
-0.106444
-0.106945
-0.106444
-2.787771
-2.781238
-0.109689
-0.108493
-0.109689
-2.784562
-0.111650
-0.108493
-0.111650
-2.786777
-2.793104
-0.109788
-0.102124
-0.109788
-2.790244
-0.106222
-0.102124
-0.106222
-2.788679
-2.787283
-0.112527
-0.111168
-0.112527
-2.788045
-0.113271
-0.111168
-0.113271
-2.790298
-2.789629
-0.105827
-0.103038
-0.105827
-2.788603
-0.110099
-0.103038
-0.110099
-2.794357
-2.788779
-0.113752
-0.109501
-0.113752
-2.788127
-0.112040
-0.109501
-0.112040
-2.786903
-2.785599
-0.102348
-0.103581
-0.102348
-2.786504
-0.111440
-0.103581
-0.111440
-2.795582
-2.794699
-0.118814
-0.114497
-0.118814
-2.790623
-0.116106
-0.114497
-0.116106
-2.789708
-2.791923
-0.110499
-0.108814
-0.110499
-2.795021
-0.115616
-0.108814
-0.115616
-2.797629
-2.785229
-0.111352
-0.107894
-0.111352
-2.782161
-0.109832
-0.107894
-0.109832
-2.782205
-2.795977
-0.115844
-0.108392
-0.115844
-2.797111
-0.111546
-0.108392
-0.111546
-2.792275
-2.782065
-0.108869
-0.108044
-0.108869
-2.780595
-0.109116
-0.108044
-0.109116
-2.784283
-2.793280
-0.111713
-0.102339
-0.111713
-2.790220
-0.103404
-0.102339
-0.103404
-2.784392
-2.790543
-0.115727
-0.116766
-0.115727
-2.789484
-0.117051
-0.116766
-0.117051
-2.795229
-2.791887
-0.110659
-0.101175
-0.110659
-2.793158
-0.104661
-0.101175
-0.104661
-2.788141
-2.789264
-0.112651
-0.112141
-0.112651
-2.787782
-0.112824
-0.112141
-0.112824
-2.791887
-2.786819
-0.102254
-0.098029
-0.102254
-2.785929
-0.102557
-0.098029
-0.102557
-2.787151
-2.798281
-0.119915
-0.118287
-0.119915
-2.795571
-0.119329
-0.118287
-0.119329
-2.798174
-2.787625
-0.103269
-0.101717
-0.103269
-2.790765
-0.110369
-0.101717
-0.110369
-2.793629
-2.792639
-0.115226
-0.111283
-0.115226
-2.788974
-0.113428
-0.111283
-0.113428
-2.789267
-2.787696
-0.107576
-0.104285
-0.107576
-2.795494
-0.115000
-0.104285
-0.115000
-2.795279
-2.788428
-0.112392
-0.108856
-0.112392
-2.782487
-0.109669
-0.108856
-0.109669
-2.785065
-2.786280
-0.110084
-0.102095
-0.110084
-2.795033
-0.110798
-0.102095
-0.110798
-2.789047
-2.792353
-0.116215
-0.115771
-0.116215
-2.784976
-0.114529
-0.115771
-0.114529
-2.791097
-2.791505
-0.114428
-0.102848
-0.114428
-2.797713
-0.108479
-0.102848
-0.108479
-2.788510
-2.786851
-0.110796
-0.111507
-0.110796
-2.782244
-0.110956
-0.111507
-0.110956
-2.788711
-2.786670
-0.107126
-0.100708
-0.107126
-2.789280
-0.102272
-0.100708
-0.102272
-2.786209
-2.795229
-0.117478
-0.117491
-0.117478
-2.791060
-0.117445
-0.117491
-0.117445
-2.795429
-2.790600
-0.105184
-0.102355
-0.105184
-2.789171
-0.102789
-0.102355
-0.102789
-2.789647
-2.792294
-0.114628
-0.112888
-0.114628
-2.791869
-0.115437
-0.112888
-0.115437
-2.792681
-2.790418
-0.103251
-0.103177
-0.103251
-2.789094
-0.105420
-0.103177
-0.105420
-2.791005
-2.791918
-0.114550
-0.111534
-0.114550
-2.790915
-0.114490
-0.111534
-0.114490
-2.791615
-2.785749
-0.101869
-0.101411
-0.101869
-2.788229
-0.107032
-0.101411
-0.107032
-2.788160
-2.795945
-0.118581
-0.116216
-0.118581
-2.791373
-0.117566
-0.116216
-0.117566
-2.794429
-2.787590
-0.109376
-0.104022
-0.109376
-2.796215
-0.112589
-0.104022
-0.112589
-2.790492
-2.787257
-0.111080
-0.109754
-0.111080
-2.780431
-0.109898
-0.109754
-0.109898
-2.785678
-2.787692
-0.112115
-0.103708
-0.112115
-2.796826
-0.110192
-0.103708
-0.110192
-2.789927
-2.786593
-0.110542
-0.109940
-0.110542
-2.780216
-0.109266
-0.109940
-0.109266
-2.785567
-2.788598
-0.108895
-0.106447
-0.108895
-2.790733
-0.108017
-0.106447
-0.108017
-2.792183
-2.786578
-0.111297
-0.109103
-0.111297
-2.783747
-0.110807
-0.109103
-0.110807
-2.784131
-2.791164
-0.106393
-0.107627
-0.106393
-2.788014
-0.104935
-0.107627
-0.104935
-2.793347
-2.788426
-0.112637
-0.109656
-0.112637
-2.788731
-0.112865
-0.109656
-0.112865
-2.786697
-2.791029
-0.101448
-0.105604
-0.101448
-2.782708
-0.100420
-0.105604
-0.100420
-2.788677
-2.795015
-0.118556
-0.116383
-0.118556
-2.796331
-0.120091
-0.116383
-0.120091
-2.795304
-2.793959
-0.105105
-0.107407
-0.105105
-2.788569
-0.105563
-0.107407
-0.105563
-2.789489
-2.787043
-0.112332
-0.110063
-0.112332
-2.788837
-0.114415
-0.110063
-0.114415
-2.789469
-2.791562
-0.108096
-0.106425
-0.108096
-2.791346
-0.108870
-0.106425
-0.108870
-2.788429
-2.784477
-0.110688
-0.108794
-0.110688
-2.783123
-0.111230
-0.108794
-0.111230
-2.786328
-2.785712
-0.106828
-0.103476
-0.106828
-2.788468
-0.106964
-0.103476
-0.106964
-2.786710
-2.790341
-0.115554
-0.114542
-0.115554
-2.786006
-0.115121
-0.114542
-0.115121
-2.789873
-2.874336
-0.018692
-0.018500
-0.018692
-2.874358
-0.018058
-0.018500
-0.018058
-2.875548
-2.852180
-0.016464
-0.012772
-0.016464
-2.852671
-0.015388
-0.012772
-0.015388
-2.849777
-2.873924
-0.018899
-0.018512
-0.018899
-2.872632
-0.018399
-0.018512
-0.018399
-2.875960
-2.850170
-0.016211
-0.012296
-0.016211
-2.852680
-0.015519
-0.012296
-0.015519
-2.849418
-2.867958
-0.019725
-0.018582
-0.019725
-2.866920
-0.019321
-0.018582
-0.019321
-2.869800
-2.846383
-0.015350
-0.013013
-0.015350
-2.848974
-0.015766
-0.013013
-0.015766
-2.847219
-2.864044
-0.020120
-0.018821
-0.020120
-2.864191
-0.019971
-0.018821
-0.019971
-2.864811
-2.845881
-0.015351
-0.014186
-0.015351
-2.845760
-0.015074
-0.014186
-0.015074
-2.845392
-2.867350
-0.019325
-0.018865
-0.019325
-2.869107
-0.019654
-0.018865
-0.019654
-2.868166
-2.849734
-0.015757
-0.014411
-0.015757
-2.846955
-0.014057
-0.014411
-0.014057
-2.846634
-2.876090
-0.018496
-0.018413
-0.018496
-2.877824
-0.018856
-0.018413
-0.018856
-2.877186
-2.853763
-0.015564
-0.013427
-0.015564
-2.851241
-0.013517
-0.013427
-0.013517
-2.850119
-2.881042
-0.018468
-0.017849
-0.018468
-2.880790
-0.018049
-0.017849
-0.018049
-2.882269
-2.853349
-0.014856
-0.012138
-0.014856
-2.854108
-0.014299
-0.012138
-0.014299
-2.852237
-2.876941
-0.019501
-0.017780
-0.019501
-2.875294
-0.018449
-0.017780
-0.018449
-2.878054
-2.850215
-0.014372
-0.012620
-0.014372
-2.853345
-0.015643
-0.012620
-0.015643
-2.851924
-2.869247
-0.019785
-0.017904
-0.019785
-2.868720
-0.019326
-0.017904
-0.019326
-2.870491
-2.847597
-0.014941
-0.014099
-0.014941
-2.849470
-0.015866
-0.014099
-0.015866
-2.848942
-2.867012
-0.019370
-0.017906
-0.019370
-2.868693
-0.019754
-0.017906
-0.019754
-2.868228
-2.849125
-0.015571
-0.015440
-0.015571
-2.847229
-0.014768
-0.015440
-0.014768
-2.847901
-2.873509
-0.018281
-0.017901
-0.018281
-2.875434
-0.019327
-0.017901
-0.019327
-2.873878
-2.853192
-0.015634
-0.015171
-0.015634
-2.848887
-0.013174
-0.015171
-0.013174
-2.850079
-2.881149
-0.018197
-0.017635
-0.018197
-2.881621
-0.019041
-0.017635
-0.019041
-2.880987
-2.855159
-0.014365
-0.013899
-0.014365
-2.852313
-0.013258
-0.013899
-0.013258
-2.853920
-2.882338
-0.019045
-0.017273
-0.019045
-2.880513
-0.018617
-0.017273
-0.018617
-2.881290
-2.852436
-0.013209
-0.013264
-0.013209
-2.853057
-0.014882
-0.013264
-0.014882
-2.854775
-2.875637
-0.019347
-0.017024
-0.019347
-2.873932
-0.018604
-0.017024
-0.018604
-2.875291
-2.849473
-0.013639
-0.014288
-0.013639
-2.851480
-0.016559
-0.014288
-0.016559
-2.852987
-2.869627
-0.019166
-0.017286
-0.019166
-2.869453
-0.019080
-0.017286
-0.019080
-2.869780
-2.849418
-0.015425
-0.015785
-0.015425
-2.849323
-0.016295
-0.015785
-0.016295
-2.850587
-2.869991
-0.018384
-0.017645
-0.018384
-2.870809
-0.019294
-0.017645
-0.019294
-2.870346
-2.851532
-0.016380
-0.016114
-0.016380
-2.848716
-0.014926
-0.016114
-0.014926
-2.850295
-2.875041
-0.018175
-0.017661
-0.018175
-2.875188
-0.019461
-0.017661
-0.019461
-2.874391
-2.852999
-0.015149
-0.015562
-0.015149
-2.848982
-0.013843
-0.015562
-0.013843
-2.852245
-2.878327
-0.018628
-0.017353
-0.018628
-2.876387
-0.019347
-0.017353
-0.019347
-2.876143
-2.851560
-0.013490
-0.014685
-0.013490
-2.849268
-0.014280
-0.014685
-0.014280
-2.853518
-2.875719
-0.019452
-0.017331
-0.019452
-2.873305
-0.019041
-0.017331
-0.019041
-2.873179
-2.849787
-0.013284
-0.014746
-0.013284
-2.849702
-0.016108
-0.014746
-0.016108
-2.853404
-2.871447
-0.019260
-0.017497
-0.019260
-2.869818
-0.018573
-0.017497
-0.018573
-2.869980
-2.849002
-0.014978
-0.015144
-0.014978
-2.849831
-0.017230
-0.015144
-0.017230
-2.851407
-2.869258
-0.018655
-0.017649
-0.018655
-2.868756
-0.018630
-0.017649
-0.018630
-2.869305
-2.850036
-0.016507
-0.015685
-0.016507
-2.849514
-0.016762
-0.015685
-0.016762
-2.850229
-2.869890
-0.018238
-0.018027
-0.018238
-2.868953
-0.019146
-0.018027
-0.019146
-2.870025
-2.850544
-0.016690
-0.015485
-0.016690
-2.848567
-0.015286
-0.015485
-0.015286
-2.849735
-2.870198
-0.018774
-0.018319
-0.018774
-2.868557
-0.019873
-0.018319
-0.019873
-2.869184
-2.848989
-0.015203
-0.014893
-0.015203
-2.847040
-0.014826
-0.014893
-0.014826
-2.849921
-2.869622
-0.019718
-0.018410
-0.019718
-2.867436
-0.019715
-0.018410
-0.019715
-2.867135
-2.847090
-0.014029
-0.014646
-0.014029
-2.845851
-0.015490
-0.014646
-0.015490
-2.849435
-2.869061
-0.019676
-0.018348
-0.019676
-2.867460
-0.018936
-0.018348
-0.018936
-2.867162
-2.847759
-0.014638
-0.014739
-0.014638
-2.847195
-0.016388
-0.014739
-0.016388
-2.849153
-2.869921
-0.019040
-0.018135
-0.019040
-2.869245
-0.018367
-0.018135
-0.018367
-2.869594
-2.849986
-0.016406
-0.014529
-0.016406
-2.849982
-0.016568
-0.014529
-0.016568
-2.849213
-2.870327
-0.018532
-0.018229
-0.018532
-2.869585
-0.018393
-0.018229
-0.018393
-2.871362
-2.850144
-0.017251
-0.013777
-0.017251
-2.850964
-0.016298
-0.013777
-0.016298
-2.848935
-2.868147
-0.019022
-0.018742
-0.019022
-2.866475
-0.019265
-0.018742
-0.019265
-2.868983
-2.847858
-0.016317
-0.013716
-0.016317
-2.848776
-0.015820
-0.013716
-0.015820
-2.848042
-2.864876
-0.019723
-0.019066
-0.019723
-2.863189
-0.020084
-0.019066
-0.020084
-2.864739
-2.845325
-0.015238
-0.014120
-0.015238
-2.845216
-0.015233
-0.014120
-0.015233
-2.846117
-2.864579
-0.020054
-0.019043
-0.020054
-2.864409
-0.019854
-0.019043
-0.019854
-2.863913
-2.846259
-0.015044
-0.014420
-0.015044
-2.844778
-0.015163
-0.014420
-0.015163
-2.845891
-2.869536
-0.019289
-0.018806
-0.019289
-2.870105
-0.018695
-0.018806
-0.018695
-2.869156
-2.849796
-0.015978
-0.013700
-0.015978
-2.848444
-0.015148
-0.013700
-0.015148
-2.847440
