  2419906	-2.816009 -2.789703 
  2420643	-0.107149 -0.108224 
  2421380	-0.105318 -0.107480 
  2419907	-0.107149 -0.108224 
  2420644	-2.814858 -2.787723 
  2421381	-0.106823 -0.109567 
  2419908	-0.105318 -0.107480 
  2420645	-0.106823 -0.109567 
  2421382	-2.816080 -2.793317 
  2422120	-2.806310 -2.783729 
  2422857	-0.108335 -0.111130 
  2423594	-0.106492 -0.107457 
  2422121	-0.108335 -0.111130 
  2422858	-2.805153 -2.783518 
  2423595	-0.108005 -0.110223 
  2422122	-0.106492 -0.107457 
  2422859	-0.108005 -0.110223 
  2423596	-2.806382 -2.781822 
  2424334	-2.817782 -2.787729 
  2425071	-0.106932 -0.103399 
  2425808	-0.105103 -0.107696 
  2424335	-0.106932 -0.103399 
  2425072	-2.816632 -2.782519 
  2425809	-0.106608 -0.106222 
  2424336	-0.105103 -0.107696 
  2425073	-0.106608 -0.106222 
  2425810	-2.817853 -2.793939 
  2426548	-2.806685 -2.791684 
  2427285	-0.108289 -0.117189 
  2428022	-0.106447 -0.113557 
  2426549	-0.108289 -0.117189 
  2427286	-2.805528 -2.791021 
  2428023	-0.107959 -0.116496 
  2426550	-0.106447 -0.113557 
  2427287	-0.107959 -0.116496 
  2428024	-2.806757 -2.787933 
  2428762	-2.819035 -2.794984 
  2429499	-0.106778 -0.106312 
  2430236	-0.104952 -0.112240 
  2428763	-0.106778 -0.106312 
  2429500	-2.817886 -2.786538 
  2430237	-0.106455 -0.107238 
  2428764	-0.104952 -0.112240 
  2429501	-0.106455 -0.107238 
  2430238	-2.819106 -2.796208 
  2430976	-2.806937 -2.785295 
  2431713	-0.108259 -0.111974 
  2432450	-0.106416 -0.107955 
  2430977	-0.108259 -0.111974 
  2431714	-2.805781 -2.788738 
  2432451	-0.107929 -0.113308 
  2430978	-0.106416 -0.107955 
  2431715	-0.107929 -0.113308 
  2432452	-2.807010 -2.783862 
  2433190	-2.819622 -2.798706 
  2433927	-0.106707 -0.108724 
  2434664	-0.104880 -0.112229 
  2433191	-0.106707 -0.108724 
  2433928	-2.818473 -2.787988 
  2434665	-0.106383 -0.105612 
  2433192	-0.104880 -0.112229 
  2433929	-0.106383 -0.105612 
  2434666	-2.819693 -2.791808 
  2435404	-2.807049 -2.782745 
  2436141	-0.108245 -0.110248 
  2436878	-0.106403 -0.107797 
  2435405	-0.108245 -0.110248 
  2436142	-2.805892 -2.787015 
  2436879	-0.107915 -0.112889 
  2435406	-0.106403 -0.107797 
  2436143	-0.107915 -0.112889 
  2436880	-2.807121 -2.786018 
  2437618	-2.819482 -2.794599 
  2438355	-0.106724 -0.107037 
  2439092	-0.104897 -0.107250 
  2437619	-0.106724 -0.107037 
  2438356	-2.818334 -2.784854 
  2439093	-0.106400 -0.103045 
  2437620	-0.104897 -0.107250 
  2438357	-0.106400 -0.103045 
  2439094	-2.819553 -2.784807 
  2439832	-2.807010 -2.787830 
  2440569	-0.108250 -0.115186 
  2441306	-0.106407 -0.114395 
  2439833	-0.108250 -0.115186 
  2440570	-2.805853 -2.790177 
  2441307	-0.107920 -0.117790 
  2439834	-0.106407 -0.114395 
  2440571	-0.107920 -0.117790 
  2441308	-2.807083 -2.792563 
  2442046	-2.818656 -2.793371 
  2442783	-0.106825 -0.109948 
  2443520	-0.104997 -0.107363 
  2442047	-0.106825 -0.109948 
  2442784	-2.817506 -2.788989 
  2443521	-0.106501 -0.108361 
  2442048	-0.104997 -0.107363 
  2442785	-0.106501 -0.108361 
  2443522	-2.818726 -2.788745 
  2444260	-2.806822 -2.781589 
  2444997	-0.108273 -0.109679 
  2445734	-0.106430 -0.107775 
  2444261	-0.108273 -0.109679 
  2444998	-2.805665 -2.782975 
  2445735	-0.107943 -0.111116 
  2444262	-0.106430 -0.107775 
  2444999	-0.107943 -0.111116 
  2445736	-2.806894 -2.784321 
  2446474	-2.815049 -2.789176 
  2447211	-0.107266 -0.105866 
  2447948	-0.105434 -0.103167 
  2446475	-0.107266 -0.105866 
  2447212	-2.813897 -2.783640 
  2447949	-0.106940 -0.105908 
  2446476	-0.105434 -0.103167 
  2447213	-0.106940 -0.105908 
  2447950	-2.815120 -2.788663 
  2448688	-2.806106 -2.790479 
  2449425	-0.108360 -0.116619 
  2450162	-0.106517 -0.114424 
  2448689	-0.108360 -0.116619 
  2449426	-2.804949 -2.790225 
  2450163	-0.108030 -0.116474 
  2448690	-0.106517 -0.114424 
  2449427	-0.108030 -0.116474 
  2450164	-2.806179 -2.790779 
  2450902	-2.817130 -2.790009 
  2451639	-0.107012 -0.106053 
  2452376	-0.105182 -0.107654 
  2450903	-0.107012 -0.106053 
  2451640	-2.815980 -2.786922 
  2452377	-0.106687 -0.112071 
  2450904	-0.105182 -0.107654 
  2451641	-0.106687 -0.112071 
  2452378	-2.817201 -2.797598 
  2453116	-2.806553 -2.785960 
  2453853	-0.108306 -0.112668 
  2454590	-0.106463 -0.107299 
  2453117	-0.108306 -0.112668 
  2453854	-2.805396 -2.786241 
  2454591	-0.107976 -0.110931 
  2453118	-0.106463 -0.107299 
  2453855	-0.107976 -0.110931 
  2454592	-2.806625 -2.781289 
  2455330	-2.818763 -2.792518 
  2456067	-0.106812 -0.107238 
  2456804	-0.104984 -0.111738 
  2455331	-0.106812 -0.107238 
  2456068	-2.817614 -2.788599 
  2456805	-0.106488 -0.113219 
  2455332	-0.104984 -0.111738 
  2456069	-0.106488 -0.113219 
  2456806	-2.818834 -2.800355 
  2457544	-2.806890 -2.784115 
  2458281	-0.108264 -0.111412 
  2459018	-0.106422 -0.106002 
  2457545	-0.108264 -0.111412 
  2458282	-2.805733 -2.784791 
  2459019	-0.107934 -0.110012 
  2457546	-0.106422 -0.106002 
  2458283	-0.107934 -0.110012 
  2459020	-2.806962 -2.780130 
  2459758	-2.819778 -2.794801 
  2460495	-0.106688 -0.108071 
  2461232	-0.104862 -0.110718 
  2459759	-0.106688 -0.108071 
  2460496	-2.818630 -2.786691 
  2461233	-0.106364 -0.107318 
  2459760	-0.104862 -0.110718 
  2460497	-0.106364 -0.107318 
  2461234	-2.819849 -2.792747 
  2461972	-2.807095 -2.788843 
  2462709	-0.108239 -0.115684 
  2463446	-0.106397 -0.113632 
  2461973	-0.108239 -0.115684 
  2462710	-2.805938 -2.789418 
  2463447	-0.107910 -0.116698 
  2461974	-0.106397 -0.113632 
  2462711	-0.107910 -0.116698 
  2463448	-2.807167 -2.789195 
  2464186	-2.820077 -2.799992 
  2464923	-0.106651 -0.113751 
  2465660	-0.104825 -0.110589 
  2464187	-0.106651 -0.113751 
  2464924	-2.818929 -2.791576 
  2465661	-0.106328 -0.107069 
  2464188	-0.104825 -0.110589 
  2464925	-0.106328 -0.107069 
  2465662	-2.820148 -2.789461 
  2466400	-2.807153 -2.780383 
  2467137	-0.108232 -0.109015 
  2467874	-0.106390 -0.108366 
  2466401	-0.108232 -0.109015 
  2467138	-2.805997 -2.784322 
  2467875	-0.107902 -0.112313 
  2466402	-0.106390 -0.108366 
  2467139	-0.107902 -0.112313 
  2467876	-2.807226 -2.786336 
  2468614	-2.819669 -2.797027 
  2469351	-0.106701 -0.112602 
  2470088	-0.104875 -0.106945 
  2468615	-0.106701 -0.112602 
  2469352	-2.818520 -2.789749 
  2470089	-0.106378 -0.106444 
  2468616	-0.104875 -0.106945 
  2469353	-0.106378 -0.106444 
  2470090	-2.819739 -2.787771 
  2470828	-2.807060 -2.781238 
  2471565	-0.108244 -0.109689 
  2472302	-0.106401 -0.108493 
  2470829	-0.108244 -0.109689 
  2471566	-2.805903 -2.784562 
  2472303	-0.107914 -0.111650 
  2470830	-0.106401 -0.108493 
  2471567	-0.107914 -0.111650 
  2472304	-2.807132 -2.786777 
  2473042	-2.819496 -2.793104 
  2473779	-0.106722 -0.109788 
  2474516	-0.104896 -0.102124 
  2473043	-0.106722 -0.109788 
  2473780	-2.818347 -2.790244 
  2474517	-0.106399 -0.106222 
  2473044	-0.104896 -0.102124 
  2473781	-0.106399 -0.106222 
  2474518	-2.819567 -2.788679 
  2475256	-2.807044 -2.787283 
  2475993	-0.108246 -0.112527 
  2476730	-0.106403 -0.111168 
  2475257	-0.108246 -0.112527 
  2475994	-2.805887 -2.788045 
  2476731	-0.107916 -0.113271 
  2475258	-0.106403 -0.111168 
  2475995	-0.107916 -0.113271 
  2476732	-2.807116 -2.790298 
  2477470	-2.816016 -2.789629 
  2478207	-0.107148 -0.105827 
  2478944	-0.105317 -0.103038 
  2477471	-0.107148 -0.105827 
  2478208	-2.814865 -2.788603 
  2478945	-0.106823 -0.110099 
  2477472	-0.105317 -0.103038 
  2478209	-0.106823 -0.110099 
  2478946	-2.816087 -2.794357 
  2479684	-2.806333 -2.788779 
  2480421	-0.108332 -0.113752 
  2481158	-0.106489 -0.109501 
  2479685	-0.108332 -0.113752 
  2480422	-2.805176 -2.788127 
  2481159	-0.108002 -0.112040 
  2479686	-0.106489 -0.109501 
  2480423	-0.108002 -0.112040 
  2481160	-2.806406 -2.786903 
  2481898	-2.817966 -2.785599 
  2482635	-0.106909 -0.102348 
  2483372	-0.105081 -0.103581 
  2481899	-0.106909 -0.102348 
  2482636	-2.816816 -2.786504 
  2483373	-0.106585 -0.111440 
  2481900	-0.105081 -0.103581 
  2482637	-0.106585 -0.111440 
  2483374	-2.818037 -2.795582 
  2484112	-2.806744 -2.794699 
  2484849	-0.108282 -0.118814 
  2485586	-0.106440 -0.114497 
  2484113	-0.108282 -0.118814 
  2484850	-2.805587 -2.790623 
  2485587	-0.107952 -0.116106 
  2484114	-0.106440 -0.114497 
  2484851	-0.107952 -0.116106 
  2485588	-2.806816 -2.789708 
  2486326	-2.819371 -2.791923 
  2487063	-0.106737 -0.110499 
  2487800	-0.104911 -0.108814 
  2486327	-0.106737 -0.110499 
  2487064	-2.818222 -2.795021 
  2487801	-0.106414 -0.115616 
  2486328	-0.104911 -0.108814 
  2487065	-0.106414 -0.115616 
  2487802	-2.819442 -2.797629 
  2488540	-2.807035 -2.785229 
  2489277	-0.108247 -0.111352 
  2490014	-0.106404 -0.107894 
  2488541	-0.108247 -0.111352 
  2489278	-2.805878 -2.782161 
  2490015	-0.107917 -0.109832 
  2488542	-0.106404 -0.107894 
  2489279	-0.107917 -0.109832 
  2490016	-2.807107 -2.782205 
  2490754	-2.820100 -2.795977 
  2491491	-0.106648 -0.115844 
  2492228	-0.104823 -0.108392 
  2490755	-0.106648 -0.115844 
  2491492	-2.818952 -2.797111 
  2492229	-0.106325 -0.111546 
  2490756	-0.104823 -0.108392 
  2491493	-0.106325 -0.111546 
  2492230	-2.820171 -2.792275 
  2492968	-2.807187 -2.782065 
  2493705	-0.108228 -0.108869 
  2494442	-0.106386 -0.108044 
  2492969	-0.108228 -0.108869 
  2493706	-2.806030 -2.780595 
  2494443	-0.107898 -0.109116 
  2492970	-0.106386 -0.108044 
  2493707	-0.107898 -0.109116 
  2494444	-2.807259 -2.784283 
  2495182	-2.820121 -2.793280 
  2495919	-0.106646 -0.111713 
  2496656	-0.104820 -0.102339 
  2495183	-0.106646 -0.111713 
  2495920	-2.818973 -2.790220 
  2496657	-0.106323 -0.103404 
  2495184	-0.104820 -0.102339 
  2495921	-0.106323 -0.103404 
  2496658	-2.820192 -2.784392 
  2497396	-2.807191 -2.790543 
  2498133	-0.108228 -0.115727 
  2498870	-0.106385 -0.116766 
  2497397	-0.108228 -0.115727 
  2498134	-2.806034 -2.789484 
  2498871	-0.107898 -0.117051 
  2497398	-0.106385 -0.116766 
  2498135	-0.107898 -0.117051 
  2498872	-2.807263 -2.795229 
  2499610	-2.819758 -2.791887 
  2500347	-0.106690 -0.110659 
  2501084	-0.104864 -0.101175 
  2499611	-0.106690 -0.110659 
  2500348	-2.818610 -2.793158 
  2501085	-0.106367 -0.104661 
  2499612	-0.104864 -0.101175 
  2500349	-0.106367 -0.104661 
  2501086	-2.819829 -2.788141 
  2501824	-2.807159 -2.789264 
  2502561	-0.108232 -0.112651 
  2503298	-0.106389 -0.112141 
  2501825	-0.108232 -0.112651 
  2502562	-2.806002 -2.787782 
  2503299	-0.107902 -0.112824 
  2501826	-0.106389 -0.112141 
  2502563	-0.107902 -0.112824 
  2503300	-2.807231 -2.791887 
  2504038	-2.818971 -2.786819 
  2504775	-0.106786 -0.102254 
  2505512	-0.104959 -0.098029 
  2504039	-0.106786 -0.102254 
  2504776	-2.817822 -2.785929 
  2505513	-0.106463 -0.102557 
  2504040	-0.104959 -0.098029 
  2504777	-0.106463 -0.102557 
  2505514	-2.819042 -2.787151 
  2506252	-2.806961 -2.798281 
  2506989	-0.108256 -0.119915 
  2507726	-0.106413 -0.118287 
  2506253	-0.108256 -0.119915 
  2506990	-2.805804 -2.795571 
  2507727	-0.107926 -0.119329 
  2506254	-0.106413 -0.118287 
  2506991	-0.107926 -0.119329 
  2507728	-2.807034 -2.798174 
  2508466	-2.816712 -2.787625 
  2509203	-0.107063 -0.103269 
  2509940	-0.105233 -0.101717 
  2508467	-0.107063 -0.103269 
  2509204	-2.815562 -2.790765 
  2509941	-0.106738 -0.110369 
  2508468	-0.105233 -0.101717 
  2509205	-0.106738 -0.110369 
  2509942	-2.816784 -2.793629 
  2510680	-2.806508 -2.792639 
  2511417	-0.108311 -0.115226 
  2512154	-0.106468 -0.111283 
  2510681	-0.108311 -0.115226 
  2511418	-2.805351 -2.788974 
  2512155	-0.107981 -0.113428 
  2510682	-0.106468 -0.111283 
  2511419	-0.107981 -0.113428 
  2512156	-2.806581 -2.789267 
  2512894	-2.818429 -2.787696 
  2513631	-0.106853 -0.107576 
  2514368	-0.105025 -0.104285 
  2512895	-0.106853 -0.107576 
  2513632	-2.817280 -2.795494 
  2514369	-0.106529 -0.115000 
  2512896	-0.105025 -0.104285 
  2513633	-0.106529 -0.115000 
  2514370	-2.818500 -2.795279 
  2515108	-2.806874 -2.788428 
  2515845	-0.108266 -0.112392 
  2516582	-0.106424 -0.108856 
  2515109	-0.108266 -0.112392 
  2515846	-2.805717 -2.782487 
  2516583	-0.107936 -0.109669 
  2515110	-0.106424 -0.108856 
  2515847	-0.107936 -0.109669 
  2516584	-2.806947 -2.785065 
  2517322	-2.819541 -2.786280 
  2518059	-0.106717 -0.110084 
  2518796	-0.104890 -0.102095 
  2517323	-0.106717 -0.110084 
  2518060	-2.818392 -2.795033 
  2518797	-0.106393 -0.110798 
  2517324	-0.104890 -0.102095 
  2518061	-0.106393 -0.110798 
  2518798	-2.819611 -2.789047 
  2519536	-2.807113 -2.792353 
  2520273	-0.108237 -0.116215 
  2521010	-0.106395 -0.115771 
  2519537	-0.108237 -0.116215 
  2520274	-2.805956 -2.784976 
  2521011	-0.107907 -0.114529 
  2519538	-0.106395 -0.115771 
  2520275	-0.107907 -0.114529 
  2521012	-2.807186 -2.791097 
  2521750	-2.819976 -2.791505 
  2522487	-0.106663 -0.114428 
  2523224	-0.104838 -0.102848 
  2521751	-0.106663 -0.114428 
  2522488	-2.818827 -2.797713 
  2523225	-0.106340 -0.108479 
  2521752	-0.104838 -0.102848 
  2522489	-0.106340 -0.108479 
  2523226	-2.820047 -2.788510 
  2523964	-2.807210 -2.786851 
  2524701	-0.108225 -0.110796 
  2525438	-0.106383 -0.111507 
  2523965	-0.108225 -0.110796 
  2524702	-2.806053 -2.782244 
  2525439	-0.107895 -0.110956 
  2523966	-0.106383 -0.111507 
  2524703	-0.107895 -0.110956 
  2525440	-2.807282 -2.788711 
  2526178	-2.819445 -2.786670 
  2526915	-0.106728 -0.107126 
  2527652	-0.104902 -0.100708 
  2526179	-0.106728 -0.107126 
  2526916	-2.818296 -2.789280 
  2527653	-0.106405 -0.102272 
  2526180	-0.104902 -0.100708 
  2526917	-0.106405 -0.102272 
  2527654	-2.819516 -2.786209 
  2528392	-2.807161 -2.795229 
  2529129	-0.108231 -0.117478 
  2529866	-0.106389 -0.117491 
  2528393	-0.108231 -0.117478 
  2529130	-2.806005 -2.791060 
  2529867	-0.107901 -0.117445 
  2528394	-0.106389 -0.117491 
  2529131	-0.107901 -0.117445 
  2529868	-2.807234 -2.795429 
  2530606	-2.817703 -2.790600 
  2531343	-0.106941 -0.105184 
  2532080	-0.105113 -0.102355 
  2530607	-0.106941 -0.105184 
  2531344	-2.816554 -2.789171 
  2532081	-0.106617 -0.102789 
  2530608	-0.105113 -0.102355 
  2531345	-0.106617 -0.102789 
  2532082	-2.817774 -2.789647 
  2532820	-2.806660 -2.792294 
  2533557	-0.108293 -0.114628 
  2534294	-0.106450 -0.112888 
  2532821	-0.108293 -0.114628 
  2533558	-2.805503 -2.791869 
  2534295	-0.107963 -0.115437 
  2532822	-0.106450 -0.112888 
  2533559	-0.107963 -0.115437 
  2534296	-2.806732 -2.792681 
  2535034	-2.818149 -2.790418 
  2535771	-0.106887 -0.103251 
  2536508	-0.105059 -0.103177 
  2535035	-0.106887 -0.103251 
  2535772	-2.817000 -2.789094 
  2536509	-0.106563 -0.105420 
  2535036	-0.105059 -0.103177 
  2535773	-0.106563 -0.105420 
  2536510	-2.818220 -2.791005 
  2537248	-2.806727 -2.791918 
  2537985	-0.108284 -0.114550 
  2538722	-0.106442 -0.111534 
  2537249	-0.108284 -0.114550 
  2537986	-2.805570 -2.790915 
  2538723	-0.107954 -0.114490 
  2537250	-0.106442 -0.111534 
  2537987	-0.107954 -0.114490 
  2538724	-2.806800 -2.791615 
  2539462	-2.817069 -2.785749 
  2540199	-0.107019 -0.101869 
  2540936	-0.105189 -0.101411 
  2539463	-0.107019 -0.101869 
  2540200	-2.815919 -2.788229 
  2540937	-0.106694 -0.107032 
  2539464	-0.105189 -0.101411 
  2540201	-0.106694 -0.107032 
  2540938	-2.817141 -2.788160 
  2541676	-2.806625 -2.795945 
  2542413	-0.108297 -0.118581 
  2543150	-0.106454 -0.116216 
  2541677	-0.108297 -0.118581 
  2542414	-2.805467 -2.791373 
  2543151	-0.107967 -0.117566 
  2541678	-0.106454 -0.116216 
  2542415	-0.107967 -0.117566 
  2543152	-2.806697 -2.794429 
  2543890	-2.818480 -2.787590 
  2544627	-0.106846 -0.109376 
  2545364	-0.105019 -0.104022 
  2543891	-0.106846 -0.109376 
  2544628	-2.817331 -2.796215 
  2545365	-0.106522 -0.112589 
  2543892	-0.105019 -0.104022 
  2544629	-0.106522 -0.112589 
  2545366	-2.818551 -2.790492 
  2546104	-2.806939 -2.787257 
  2546841	-0.108258 -0.111080 
  2547578	-0.106416 -0.109754 
  2546105	-0.108258 -0.111080 
  2546842	-2.805782 -2.780431 
  2547579	-0.107929 -0.109898 
  2546106	-0.106416 -0.109754 
  2546843	-0.107929 -0.109898 
  2547580	-2.807011 -2.785678 
  2548318	-2.819277 -2.787692 
  2549055	-0.106749 -0.112115 
  2549792	-0.104922 -0.103708 
  2548319	-0.106749 -0.112115 
  2549056	-2.818129 -2.796826 
  2549793	-0.106425 -0.110192 
  2548320	-0.104922 -0.103708 
  2549057	-0.106425 -0.110192 
  2549794	-2.819348 -2.789927 
  2550532	-2.807121 -2.786593 
  2551269	-0.108236 -0.110542 
  2552006	-0.106394 -0.109940 
  2550533	-0.108236 -0.110542 
  2551270	-2.805964 -2.780216 
  2552007	-0.107906 -0.109266 
  2550534	-0.106394 -0.109940 
  2551271	-0.107906 -0.109266 
  2552008	-2.807193 -2.785567 
  2552746	-2.816533 -2.788598 
  2553483	-0.107084 -0.108895 
  2554220	-0.105254 -0.106447 
  2552747	-0.107084 -0.108895 
  2553484	-2.815383 -2.790733 
  2554221	-0.106760 -0.108017 
  2552748	-0.105254 -0.106447 
  2553485	-0.106760 -0.108017 
  2554222	-2.816604 -2.792183 
  2554960	-2.806428 -2.786578 
  2555697	-0.108321 -0.111297 
  2556434	-0.106478 -0.109103 
  2554961	-0.108321 -0.111297 
  2555698	-2.805271 -2.783747 
  2556435	-0.107991 -0.110807 
  2554962	-0.106478 -0.109103 
  2555699	-0.107991 -0.110807 
  2556436	-2.806500 -2.784131 
  2557174	-2.817954 -2.791164 
  2557911	-0.106911 -0.106393 
  2558648	-0.105082 -0.107627 
  2557175	-0.106911 -0.106393 
  2557912	-2.816805 -2.788014 
  2558649	-0.106587 -0.104935 
  2557176	-0.105082 -0.107627 
  2557913	-0.106587 -0.104935 
  2558650	-2.818025 -2.793347 
  2559388	-2.806721 -2.788426 
  2560125	-0.108285 -0.112637 
  2560862	-0.106442 -0.109656 
  2559389	-0.108285 -0.112637 
  2560126	-2.805564 -2.788731 
  2560863	-0.107955 -0.112865 
  2559390	-0.106442 -0.109656 
  2560127	-0.107955 -0.112865 
  2560864	-2.806793 -2.786697 
  2561602	-2.818804 -2.791029 
  2562339	-0.106807 -0.101448 
  2563076	-0.104980 -0.105604 
  2561603	-0.106807 -0.101448 
  2562340	-2.817655 -2.782708 
  2563077	-0.106483 -0.100420 
  2561604	-0.104980 -0.105604 
  2562341	-0.106483 -0.100420 
  2563078	-2.818874 -2.788677 
  2563816	-2.806882 -2.795015 
  2564553	-0.108265 -0.118556 
  2565290	-0.106423 -0.116383 
  2563817	-0.108265 -0.118556 
  2564554	-2.805725 -2.796331 
  2565291	-0.107935 -0.120091 
  2563818	-0.106423 -0.116383 
  2564555	-0.107935 -0.120091 
  2565292	-2.806954 -2.795304 
  2566030	-2.818960 -2.793959 
  2566767	-0.106788 -0.105105 
  2567504	-0.104961 -0.107407 
  2566031	-0.106788 -0.105105 
  2566768	-2.817811 -2.788569 
  2567505	-0.106464 -0.105563 
  2566032	-0.104961 -0.107407 
  2566769	-0.106464 -0.105563 
  2567506	-2.819031 -2.789489 
  2568244	-2.806898 -2.787043 
  2568981	-0.108263 -0.112332 
  2569718	-0.106421 -0.110063 
  2568245	-0.108263 -0.112332 
  2568982	-2.805741 -2.788837 
  2569719	-0.107933 -0.114415 
  2568246	-0.106421 -0.110063 
  2568983	-0.107933 -0.114415 
  2569720	-2.806970 -2.789469 
  2570458	-2.818395 -2.791562 
  2571195	-0.106857 -0.108096 
  2571932	-0.105029 -0.106425 
  2570459	-0.106857 -0.108096 
  2571196	-2.817246 -2.791346 
  2571933	-0.106533 -0.108870 
  2570460	-0.105029 -0.106425 
  2571197	-0.106533 -0.108870 
  2571934	-2.818466 -2.788429 
  2572672	-2.806764 -2.784477 
  2573409	-0.108280 -0.110688 
  2574146	-0.106437 -0.108794 
  2572673	-0.108280 -0.110688 
  2573410	-2.805607 -2.783123 
  2574147	-0.107950 -0.111230 
  2572674	-0.106437 -0.108794 
  2573411	-0.107950 -0.111230 
  2574148	-2.806837 -2.786328 
  2574886	-2.818139 -2.785712 
  2575623	-0.106888 -0.106828 
  2576360	-0.105060 -0.103476 
  2574887	-0.106888 -0.106828 
  2575624	-2.816990 -2.788468 
  2576361	-0.106564 -0.106964 
  2574888	-0.105060 -0.103476 
  2575625	-0.106564 -0.106964 
  2576362	-2.818210 -2.786710 
  2577100	-2.806933 -2.790341 
  2577837	-0.108259 -0.115554 
  2578574	-0.106417 -0.114542 
  2577101	-0.108259 -0.115554 
  2577838	-2.805776 -2.786006 
  2578575	-0.107929 -0.115121 
  2577102	-0.106417 -0.114542 
  2577839	-0.107929 -0.115121 
  2578576	-2.807005 -2.789873 
  2579314	-2.852829 -2.874336 
  2580051	-0.014187 -0.018692 
  2580788	-0.013329 -0.018500 
  2579315	-0.014187 -0.018692 
  2580052	-2.852180 -2.874358 
  2580789	-0.014257 -0.018058 
  2579316	-0.013329 -0.018500 
  2580053	-0.014257 -0.018058 
  2580790	-2.852807 -2.875548 
  2581528	-2.843527 -2.852180 
  2582265	-0.015325 -0.016464 
  2583002	-0.014456 -0.012772 
  2581529	-0.015325 -0.016464 
  2582266	-2.842872 -2.852671 
  2583003	-0.015390 -0.015388 
  2581530	-0.014456 -0.012772 
  2582267	-0.015390 -0.015388 
  2583004	-2.843505 -2.849777 
  2583742	-2.848276 -2.873924 
  2584479	-0.014744 -0.018899 
  2585216	-0.013881 -0.018512 
  2583743	-0.014744 -0.018899 
  2584480	-2.847624 -2.872632 
  2585217	-0.014812 -0.018399 
  2583744	-0.013881 -0.018512 
  2584481	-0.014812 -0.018399 
  2585218	-2.848254 -2.875960 
  2585956	-2.841269 -2.850170 
  2586693	-0.015601 -0.016211 
  2587430	-0.014729 -0.012296 
  2585957	-0.015601 -0.016211 
  2586694	-2.840612 -2.852680 
  2587431	-0.015665 -0.015519 
  2585958	-0.014729 -0.012296 
  2586695	-0.015665 -0.015519 
  2587432	-2.841247 -2.849418 
  2588170	-2.844372 -2.867958 
  2588907	-0.015221 -0.019725 
  2589644	-0.014353 -0.018582 
  2588171	-0.015221 -0.019725 
  2588908	-2.843717 -2.866920 
  2589645	-0.015287 -0.019321 
  2588172	-0.014353 -0.018582 
  2588909	-0.015287 -0.019321 
  2589646	-2.844350 -2.869800 
  2590384	-2.839281 -2.846383 
  2591121	-0.015844 -0.015350 
  2591858	-0.014970 -0.013013 
  2590385	-0.015844 -0.015350 
  2591122	-2.838623 -2.848974 
  2591859	-0.015908 -0.015766 
  2590386	-0.014970 -0.013013 
  2591123	-0.015908 -0.015766 
  2591860	-2.839259 -2.847219 
  2592598	-2.841233 -2.864044 
  2593335	-0.015605 -0.020120 
  2594072	-0.014733 -0.018821 
  2592599	-0.015605 -0.020120 
  2593336	-2.840576 -2.864191 
  2594073	-0.015670 -0.019971 
  2592600	-0.014733 -0.018821 
  2593337	-0.015670 -0.019971 
  2594074	-2.841211 -2.864811 
  2594812	-2.837597 -2.845881 
  2595549	-0.016050 -0.015351 
  2596286	-0.015174 -0.014186 
  2594813	-0.016050 -0.015351 
  2595550	-2.836938 -2.845760 
  2596287	-0.016113 -0.015074 
  2594814	-0.015174 -0.014186 
  2595551	-0.016113 -0.015074 
  2596288	-2.837576 -2.845392 
  2597026	-2.864340 -2.867350 
  2597763	-0.012778 -0.019325 
  2598500	-0.011936 -0.018865 
  2597027	-0.012778 -0.019325 
  2597764	-2.863699 -2.869107 
  2598501	-0.012855 -0.019654 
  2597028	-0.011936 -0.018865 
  2597765	-0.012855 -0.019654 
  2598502	-2.864316 -2.868166 
  2599240	-2.848466 -2.849734 
  2599977	-0.014720 -0.015757 
  2600714	-0.013858 -0.014411 
  2599241	-0.014720 -0.015757 
  2599978	-2.847814 -2.846955 
  2600715	-0.014789 -0.014057 
  2599242	-0.013858 -0.014411 
  2599979	-0.014789 -0.014057 
  2600716	-2.848444 -2.846634 
  2601454	-2.858663 -2.876090 
  2602191	-0.013473 -0.018496 
  2602928	-0.012623 -0.018413 
  2601455	-0.013473 -0.018496 
  2602192	-2.858018 -2.877824 
  2602929	-0.013546 -0.018856 
  2601456	-0.012623 -0.018413 
  2602193	-0.013546 -0.018856 
  2602930	-2.858639 -2.877186 
  2603668	-2.845775 -2.853763 
  2604405	-0.015050 -0.015564 
  2605142	-0.014183 -0.013427 
  2603669	-0.015050 -0.015564 
  2604406	-2.845121 -2.851241 
  2605143	-0.015116 -0.013517 
  2603670	-0.014183 -0.013427 
  2604407	-0.015116 -0.013517 
  2605144	-2.845753 -2.850119 
  2605882	-2.853257 -2.881042 
  2606619	-0.014134 -0.018468 
  2607356	-0.013278 -0.017849 
  2605883	-0.014134 -0.018468 
  2606620	-2.852608 -2.880790 
  2607357	-0.014205 -0.018049 
  2605884	-0.013278 -0.017849 
  2606621	-0.014205 -0.018049 
  2607358	-2.853234 -2.882269 
  2608096	-2.843269 -2.853349 
  2608833	-0.015356 -0.014856 
  2609570	-0.014487 -0.012138 
  2608097	-0.015356 -0.014856 
  2608834	-2.842613 -2.854108 
  2609571	-0.015422 -0.014299 
  2608098	-0.014487 -0.012138 
  2608835	-0.015422 -0.014299 
  2609572	-2.843247 -2.852237 
  2610310	-2.848356 -2.876941 
  2611047	-0.014734 -0.019501 
  2611784	-0.013871 -0.017780 
  2610311	-0.014734 -0.019501 
  2611048	-2.847704 -2.875294 
  2611785	-0.014802 -0.018449 
  2610312	-0.013871 -0.017780 
  2611049	-0.014802 -0.018449 
  2611786	-2.848334 -2.878054 
  2612524	-2.841006 -2.850215 
  2613261	-0.015633 -0.014372 
  2613998	-0.014761 -0.012620 
  2612525	-0.015633 -0.014372 
  2613262	-2.840349 -2.853345 
  2613999	-0.015697 -0.015643 
  2612526	-0.014761 -0.012620 
  2613263	-0.015697 -0.015643 
  2614000	-2.840985 -2.851924 
  2614738	-2.844165 -2.869247 
  2615475	-0.015247 -0.019785 
  2616212	-0.014378 -0.017904 
  2614739	-0.015247 -0.019785 
  2615476	-2.843510 -2.868720 
  2616213	-0.015313 -0.019326 
  2614740	-0.014378 -0.017904 
  2615477	-0.015313 -0.019326 
  2616214	-2.844143 -2.870491 
  2616952	-2.839033 -2.847597 
  2617689	-0.015875 -0.014941 
  2618426	-0.015000 -0.014099 
  2616953	-0.015875 -0.014941 
  2617690	-2.838375 -2.849470 
  2618427	-0.015938 -0.015866 
  2616954	-0.015000 -0.014099 
  2617691	-0.015938 -0.015866 
  2618428	-2.839012 -2.848942 
  2619166	-2.870867 -2.867012 
  2619903	-0.011980 -0.019370 
  2620640	-0.011146 -0.017906 
  2619167	-0.011980 -0.019370 
  2619904	-2.870230 -2.868693 
  2620641	-0.012059 -0.019754 
  2619168	-0.011146 -0.017906 
  2619905	-0.012059 -0.019754 
  2620642	-2.870842 -2.868228 
  2621380	-2.851060 -2.849125 
  2622117	-0.014403 -0.015571 
  2622854	-0.013544 -0.015440 
  2621381	-0.014403 -0.015571 
  2622118	-2.850410 -2.847229 
  2622855	-0.014473 -0.014768 
  2621382	-0.013544 -0.015440 
  2622119	-0.014473 -0.014768 
  2622856	-2.851037 -2.847901 
  2623594	-2.864687 -2.873509 
  2624331	-0.012736 -0.018281 
  2625068	-0.011894 -0.017901 
  2623595	-0.012736 -0.018281 
  2624332	-2.864046 -2.875434 
  2625069	-0.012812 -0.019327 
  2623596	-0.011894 -0.017901 
  2624333	-0.012812 -0.019327 
  2625070	-2.864663 -2.873878 
  2625808	-2.848196 -2.853192 
  2626545	-0.014754 -0.015634 
  2627282	-0.013890 -0.015171 
  2625809	-0.014754 -0.015634 
  2626546	-2.847543 -2.848887 
  2627283	-0.014821 -0.013174 
  2625810	-0.013890 -0.015171 
  2626547	-0.014821 -0.013174 
  2627284	-2.848173 -2.850079 
  2628022	-2.858570 -2.881149 
  2628759	-0.013484 -0.018197 
  2629496	-0.012634 -0.017635 
  2628023	-0.013484 -0.018197 
  2628760	-2.857925 -2.881621 
  2629497	-0.013558 -0.019041 
  2628024	-0.012634 -0.017635 
  2628761	-0.013558 -0.019041 
  2629498	-2.858547 -2.880987 
  2630236	-2.845473 -2.855159 
  2630973	-0.015087 -0.014365 
  2631710	-0.014220 -0.013899 
  2630237	-0.015087 -0.014365 
  2630974	-2.844819 -2.852313 
  2631711	-0.015153 -0.013258 
  2630238	-0.014220 -0.013899 
  2630975	-0.015153 -0.013258 
  2631712	-2.845451 -2.853920 
  2632450	-2.852791 -2.882338 
  2633187	-0.014191 -0.019045 
  2633924	-0.013334 -0.017273 
  2632451	-0.014191 -0.019045 
  2633188	-2.852142 -2.880513 
  2633925	-0.014262 -0.018617 
  2632452	-0.013334 -0.017273 
  2633189	-0.014262 -0.018617 
  2633926	-2.852768 -2.881290 
  2634664	-2.842958 -2.852436 
  2635401	-0.015394 -0.013209 
  2636138	-0.014524 -0.013264 
  2634665	-0.015394 -0.013209 
  2635402	-2.842303 -2.853057 
  2636139	-0.015460 -0.014882 
  2634666	-0.014524 -0.013264 
  2635403	-0.015460 -0.014882 
  2636140	-2.842937 -2.854775 
  2636878	-2.847619 -2.875637 
  2637615	-0.014824 -0.019347 
  2638352	-0.013960 -0.017024 
  2636879	-0.014824 -0.019347 
  2637616	-2.846967 -2.873932 
  2638353	-0.014892 -0.018604 
  2636880	-0.013960 -0.017024 
  2637617	-0.014892 -0.018604 
  2638354	-2.847597 -2.875291 
  2639092	-2.840710 -2.849473 
  2639829	-0.015669 -0.013639 
  2640566	-0.014797 -0.014288 
  2639093	-0.015669 -0.013639 
  2639830	-2.840053 -2.851480 
  2640567	-0.015733 -0.016559 
  2639094	-0.014797 -0.014288 
  2639831	-0.015733 -0.016559 
  2640568	-2.840689 -2.852987 
  2641306	-2.843281 -2.869627 
  2642043	-0.015355 -0.019166 
  2642780	-0.014485 -0.017286 
  2641307	-0.015355 -0.019166 
  2642044	-2.842626 -2.869453 
  2642781	-0.015420 -0.019080 
  2641308	-0.014485 -0.017286 
  2642045	-0.015420 -0.019080 
  2642782	-2.843260 -2.869780 
  2643520	-2.838774 -2.849418 
  2644257	-0.015906 -0.015425 
  2644994	-0.015031 -0.015785 
  2643521	-0.015906 -0.015425 
  2644258	-2.838116 -2.849323 
  2644995	-0.015969 -0.016295 
  2643522	-0.015031 -0.015785 
  2644259	-0.015969 -0.016295 
  2644996	-2.838753 -2.850587 
  2645734	-2.870649 -2.869991 
  2646471	-0.012006 -0.018384 
  2647208	-0.011172 -0.017645 
  2645735	-0.012006 -0.018384 
  2646472	-2.870012 -2.870809 
  2647209	-0.012086 -0.019294 
  2645736	-0.011172 -0.017645 
  2646473	-0.012086 -0.019294 
  2647210	-2.870624 -2.870346 
  2647948	-2.850733 -2.851532 
  2648685	-0.014443 -0.016380 
  2649422	-0.013583 -0.016114 
  2647949	-0.014443 -0.016380 
  2648686	-2.850082 -2.848716 
  2649423	-0.014512 -0.014926 
  2647950	-0.013583 -0.016114 
  2648687	-0.014512 -0.014926 
  2649424	-2.850710 -2.850295 
  2650162	-2.863964 -2.875041 
  2650899	-0.012824 -0.018175 
  2651636	-0.011981 -0.017661 
  2650163	-0.012824 -0.018175 
  2650900	-2.863323 -2.875188 
  2651637	-0.012900 -0.019461 
  2650164	-0.011981 -0.017661 
  2650901	-0.012900 -0.019461 
  2651638	-2.863940 -2.874391 
  2652376	-2.847832 -2.852999 
  2653113	-0.014798 -0.015149 
  2653850	-0.013934 -0.015562 
  2652377	-0.014798 -0.015149 
  2653114	-2.847179 -2.848982 
  2653851	-0.014866 -0.013843 
  2652378	-0.013934 -0.015562 
  2653115	-0.014866 -0.013843 
  2653852	-2.847810 -2.852245 
  2654590	-2.857447 -2.878327 
  2655327	-0.013622 -0.018628 
  2656064	-0.012770 -0.017353 
  2654591	-0.013622 -0.018628 
  2655328	-2.856801 -2.876387 
  2656065	-0.013694 -0.019347 
  2654592	-0.012770 -0.017353 
  2655329	-0.013694 -0.019347 
  2656066	-2.857424 -2.876143 
  2656804	-2.845098 -2.851560 
  2657541	-0.015133 -0.013490 
  2658278	-0.014265 -0.014685 
  2656805	-0.015133 -0.013490 
  2657542	-2.844444 -2.849268 
  2658279	-0.015199 -0.014280 
  2656806	-0.014265 -0.014685 
  2657543	-0.015199 -0.014280 
  2658280	-2.845076 -2.853518 
  2659018	-2.851417 -2.875719 
  2659755	-0.014359 -0.019452 
  2660492	-0.013500 -0.017331 
  2659019	-0.014359 -0.019452 
  2659756	-2.850767 -2.873305 
  2660493	-0.014429 -0.019041 
  2659020	-0.013500 -0.017331 
  2659757	-0.014429 -0.019041 
  2660494	-2.851394 -2.873179 
  2661232	-2.842599 -2.849787 
  2661969	-0.015438 -0.013284 
  2662706	-0.014568 -0.014746 
  2661233	-0.015438 -0.013284 
  2661970	-2.841943 -2.849702 
  2662707	-0.015503 -0.016108 
  2661234	-0.014568 -0.014746 
  2661971	-0.015503 -0.016108 
  2662708	-2.842577 -2.853404 
  2663446	-2.846159 -2.871447 
  2664183	-0.015003 -0.019260 
  2664920	-0.014137 -0.017497 
  2663447	-0.015003 -0.019260 
  2664184	-2.845506 -2.869818 
  2664921	-0.015070 -0.018573 
  2663448	-0.014137 -0.017497 
  2664185	-0.015070 -0.018573 
  2664922	-2.846137 -2.869980 
  2665660	-2.840392 -2.849002 
  2666397	-0.015708 -0.014978 
  2667134	-0.014835 -0.015144 
  2665661	-0.015708 -0.014978 
  2666398	-2.839735 -2.849831 
  2667135	-0.015772 -0.017230 
  2665662	-0.014835 -0.015144 
  2666399	-0.015772 -0.017230 
  2667136	-2.840370 -2.851407 
  2667874	-2.846250 -2.869258 
  2668611	-0.014992 -0.018655 
  2669348	-0.014126 -0.017649 
  2667875	-0.014992 -0.018655 
  2668612	-2.845597 -2.868756 
  2669349	-0.015059 -0.018630 
  2667876	-0.014126 -0.017649 
  2668613	-0.015059 -0.018630 
  2669350	-2.846228 -2.869305 
  2670088	-2.841732 -2.850036 
  2670825	-0.015544 -0.016507 
  2671562	-0.014673 -0.015685 
  2670089	-0.015544 -0.016507 
  2670826	-2.841075 -2.849514 
  2671563	-0.015609 -0.016762 
  2670090	-0.014673 -0.015685 
  2670827	-0.015609 -0.016762 
  2671564	-2.841710 -2.850229 
  2672302	-2.869255 -2.869890 
  2673039	-0.012177 -0.018238 
  2673776	-0.011341 -0.018027 
  2672303	-0.012177 -0.018238 
  2673040	-2.868617 -2.868953 
  2673777	-0.012256 -0.019146 
  2672304	-0.011341 -0.018027 
  2673041	-0.012256 -0.019146 
  2673778	-2.869230 -2.870025 
  2674516	-2.850293 -2.850544 
  2675253	-0.014497 -0.016690 
  2675990	-0.013636 -0.015485 
  2674517	-0.014497 -0.016690 
  2675254	-2.849643 -2.848567 
  2675991	-0.014566 -0.015286 
  2674518	-0.013636 -0.015485 
  2675255	-0.014566 -0.015286 
  2675992	-2.850271 -2.849735 
  2676730	-2.862139 -2.870198 
  2677467	-0.013048 -0.018774 
  2678204	-0.012202 -0.018319 
  2676731	-0.013048 -0.018774 
  2677468	-2.861496 -2.868557 
  2678205	-0.013123 -0.019873 
  2676732	-0.012202 -0.018319 
  2677469	-0.013123 -0.019873 
  2678206	-2.862115 -2.869184 
  2678944	-2.847379 -2.848989 
  2679681	-0.014853 -0.015203 
  2680418	-0.013989 -0.014893 
  2678945	-0.014853 -0.015203 
  2679682	-2.846726 -2.847040 
  2680419	-0.014921 -0.014826 
  2678946	-0.013989 -0.014893 
  2679683	-0.014921 -0.014826 
  2680420	-2.847357 -2.849921 
  2681158	-2.855386 -2.869622 
  2681895	-0.013874 -0.019718 
  2682632	-0.013020 -0.018410 
  2681159	-0.013874 -0.019718 
  2681896	-2.854739 -2.867436 
  2682633	-0.013945 -0.019715 
  2681160	-0.013020 -0.018410 
  2681897	-0.013945 -0.019715 
  2682634	-2.855363 -2.867135 
  2683372	-2.844662 -2.847090 
  2684109	-0.015186 -0.014029 
  2684846	-0.014318 -0.014646 
  2683373	-0.015186 -0.014029 
  2684110	-2.844008 -2.845851 
  2684847	-0.015252 -0.015490 
  2683374	-0.014318 -0.014646 
  2684111	-0.015252 -0.015490 
  2684848	-2.844640 -2.849435 
  2685586	-2.849329 -2.869061 
  2686323	-0.014615 -0.019676 
  2687060	-0.013753 -0.018348 
  2685587	-0.014615 -0.019676 
  2686324	-2.848678 -2.867460 
  2687061	-0.014683 -0.018936 
  2685588	-0.013753 -0.018348 
  2686325	-0.014683 -0.018936 
  2687062	-2.849306 -2.867162 
  2687800	-2.842209 -2.847759 
  2688537	-0.015486 -0.014638 
  2689274	-0.014615 -0.014739 
  2687801	-0.015486 -0.014638 
  2688538	-2.841553 -2.847195 
  2689275	-0.015551 -0.016388 
  2687802	-0.014615 -0.014739 
  2688539	-0.015551 -0.016388 
  2689276	-2.842187 -2.849153 
  2690014	-2.851719 -2.869921 
  2690751	-0.014322 -0.019040 
  2691488	-0.013464 -0.018135 
  2690015	-0.014322 -0.019040 
  2690752	-2.851069 -2.869245 
  2691489	-0.014392 -0.018367 
  2690016	-0.013464 -0.018135 
  2690753	-0.014392 -0.018367 
  2691490	-2.851697 -2.869594 
  2692228	-2.843746 -2.849986 
  2692965	-0.015298 -0.016406 
  2693702	-0.014429 -0.014529 
  2692229	-0.015298 -0.016406 
  2692966	-2.843091 -2.849982 
  2693703	-0.015364 -0.016568 
  2692230	-0.014429 -0.014529 
  2692967	-0.015364 -0.016568 
  2693704	-2.843725 -2.849213 
  2694442	-2.847481 -2.870327 
  2695179	-0.014841 -0.018532 
  2695916	-0.013977 -0.018229 
  2694443	-0.014841 -0.018532 
  2695180	-2.846828 -2.869585 
  2695917	-0.014909 -0.018393 
  2694444	-0.013977 -0.018229 
  2695181	-0.014909 -0.018393 
  2695918	-2.847459 -2.871362 
  2696656	-2.841504 -2.850144 
  2697393	-0.015572 -0.017251 
  2698130	-0.014700 -0.013777 
  2696657	-0.015572 -0.017251 
  2697394	-2.840848 -2.850964 
  2698131	-0.015637 -0.016298 
  2696658	-0.014700 -0.013777 
  2697395	-0.015637 -0.016298 
  2698132	-2.841483 -2.848935 
  2698870	-2.843892 -2.868147 
  2699607	-0.015280 -0.019022 
  2700344	-0.014411 -0.018742 
  2698871	-0.015280 -0.019022 
  2699608	-2.843237 -2.866475 
  2700345	-0.015346 -0.019265 
  2698872	-0.014411 -0.018742 
  2699609	-0.015346 -0.019265 
  2700346	-2.843870 -2.868983 
  2701084	-2.839515 -2.847858 
  2701821	-0.015816 -0.016317 
  2702558	-0.014941 -0.013716 
  2701085	-0.015816 -0.016317 
  2701822	-2.838858 -2.848776 
  2702559	-0.015879 -0.015820 
  2701086	-0.014941 -0.013716 
  2701823	-0.015879 -0.015820 
  2702560	-2.839494 -2.848042 
  2703298	-2.859420 -2.864876 
  2704035	-0.013380 -0.019723 
  2704772	-0.012531 -0.019066 
  2703299	-0.013380 -0.019723 
  2704036	-2.858775 -2.863189 
  2704773	-0.013454 -0.020084 
  2703300	-0.012531 -0.019066 
  2704037	-0.013454 -0.020084 
  2704774	-2.859396 -2.864739 
  2705512	-2.846859 -2.845325 
  2706249	-0.014917 -0.015238 
  2706986	-0.014052 -0.014120 
  2705513	-0.014917 -0.015238 
  2706250	-2.846206 -2.845216 
  2706987	-0.014984 -0.015233 
  2705514	-0.014052 -0.014120 
  2706251	-0.014984 -0.015233 
  2706988	-2.846837 -2.846117 
  2707726	-2.863157 -2.864579 
  2708463	-0.012923 -0.020054 
  2709200	-0.012079 -0.019043 
  2707727	-0.012923 -0.020054 
  2708464	-2.862515 -2.864409 
  2709201	-0.012999 -0.019854 
  2707728	-0.012079 -0.019043 
  2708465	-0.012999 -0.019854 
  2709202	-2.863133 -2.863913 
  2709940	-2.848657 -2.846259 
  2710677	-0.014697 -0.015044 
  2711414	-0.013834 -0.014420 
  2709941	-0.014697 -0.015044 
  2710678	-2.848006 -2.844778 
  2711415	-0.014765 -0.015163 
  2709942	-0.013834 -0.014420 
  2710679	-0.014765 -0.015163 
  2711416	-2.848635 -2.845891 
  2712154	-2.857857 -2.869536 
  2712891	-0.013571 -0.019289 
  2713628	-0.012721 -0.018806 
  2712155	-0.013571 -0.019289 
  2712892	-2.857211 -2.870105 
  2713629	-0.013645 -0.018695 
  2712156	-0.012721 -0.018806 
  2712893	-0.013645 -0.018695 
  2713630	-2.857833 -2.869156 
  2714368	-2.846009 -2.849796 
  2715105	-0.015021 -0.015978 
  2715842	-0.014155 -0.013700 
  2714369	-0.015021 -0.015978 
  2715106	-2.845355 -2.848444 
  2715843	-0.015088 -0.015148 
  2714370	-0.014155 -0.013700 
  2715107	-0.015088 -0.015148 
  2715844	-2.845987 -2.847440 
