-2.457826  -2.789703	1
-0.107149  -0.108224	0
-0.105318  -0.107480	0
-0.107149  -0.108224	0
-2.456675  -2.787723	1
-0.106823  -0.109567	0
-0.105318  -0.107480	0
-0.106823  -0.109567	0
-2.457897  -2.793317	1
-2.448127  -2.783729	1
-0.108335  -0.111130	0
-0.106492  -0.107457	0
-0.108335  -0.111130	0
-2.446970  -2.783518	1
-0.108005  -0.110223	0
-0.106492  -0.107457	0
-0.108005  -0.110223	0
-2.448199  -2.781822	1
-2.459599  -2.787729	1
-0.106932  -0.103399	0
-0.105103  -0.107696	0
-0.106932  -0.103399	0
-2.458449  -2.782519	1
-0.106608  -0.106222	0
-0.105103  -0.107696	0
-0.106608  -0.106222	0
-2.459670  -2.793939	1
-2.448502  -2.791684	1
-0.108289  -0.117189	0
-0.106447  -0.113557	0
-0.108289  -0.117189	0
-2.447345  -2.791021	1
-0.107959  -0.116496	0
-0.106447  -0.113557	0
-0.107959  -0.116496	0
-2.448574  -2.787933	1
-2.460852  -2.794984	1
-0.106778  -0.106312	0
-0.104952  -0.112240	0
-0.106778  -0.106312	0
-2.459703  -2.786538	1
-0.106455  -0.107238	0
-0.104952  -0.112240	0
-0.106455  -0.107238	0
-2.460923  -2.796208	1
-2.448754  -2.785295	1
-0.108259  -0.111974	0
-0.106416  -0.107955	0
-0.108259  -0.111974	0
-2.447598  -2.788738	1
-0.107929  -0.113308	0
-0.106416  -0.107955	0
-0.107929  -0.113308	0
-2.448827  -2.783862	1
-2.461439  -2.798706	1
-0.106707  -0.108724	0
-0.104880  -0.112229	0
-0.106707  -0.108724	0
-2.460290  -2.787988	1
-0.106383  -0.105612	0
-0.104880  -0.112229	0
-0.106383  -0.105612	0
-2.461510  -2.791808	1
-2.448866  -2.782745	1
-0.108245  -0.110248	0
-0.106403  -0.107797	0
-0.108245  -0.110248	0
-2.447709  -2.787015	1
-0.107915  -0.112889	0
-0.106403  -0.107797	0
-0.107915  -0.112889	0
-2.448938  -2.786018	1
-2.461299  -2.794599	1
-0.106724  -0.107037	0
-0.104897  -0.107250	0
-0.106724  -0.107037	0
-2.460151  -2.784854	1
-0.106400  -0.103045	0
-0.104897  -0.107250	0
-0.106400  -0.103045	0
-2.461370  -2.784807	1
-2.448827  -2.787830	1
-0.108250  -0.115186	0
-0.106407  -0.114395	0
-0.108250  -0.115186	0
-2.447670  -2.790177	1
-0.107920  -0.117790	0
-0.106407  -0.114395	0
-0.107920  -0.117790	0
-2.448900  -2.792563	1
-2.460473  -2.793371	1
-0.106825  -0.109948	0
-0.104997  -0.107363	0
-0.106825  -0.109948	0
-2.459323  -2.788989	1
-0.106501  -0.108361	0
-0.104997  -0.107363	0
-0.106501  -0.108361	0
-2.460543  -2.788745	1
-2.448639  -2.781589	1
-0.108273  -0.109679	0
-0.106430  -0.107775	0
-0.108273  -0.109679	0
-2.447482  -2.782975	1
-0.107943  -0.111116	0
-0.106430  -0.107775	0
-0.107943  -0.111116	0
-2.448711  -2.784321	1
-2.456866  -2.789176	1
-0.107266  -0.105866	0
-0.105434  -0.103167	0
-0.107266  -0.105866	0
-2.455714  -2.783640	1
-0.106940  -0.105908	0
-0.105434  -0.103167	0
-0.106940  -0.105908	0
-2.456937  -2.788663	1
-2.447923  -2.790479	1
-0.108360  -0.116619	0
-0.106517  -0.114424	0
-0.108360  -0.116619	0
-2.446766  -2.790225	1
-0.108030  -0.116474	0
-0.106517  -0.114424	0
-0.108030  -0.116474	0
-2.447996  -2.790779	1
-2.458947  -2.790009	1
-0.107012  -0.106053	0
-0.105182  -0.107654	0
-0.107012  -0.106053	0
-2.457797  -2.786922	1
-0.106687  -0.112071	0
-0.105182  -0.107654	0
-0.106687  -0.112071	0
-2.459018  -2.797598	1
-2.448370  -2.785960	1
-0.108306  -0.112668	0
-0.106463  -0.107299	0
-0.108306  -0.112668	0
-2.447213  -2.786241	1
-0.107976  -0.110931	0
-0.106463  -0.107299	0
-0.107976  -0.110931	0
-2.448442  -2.781289	1
-2.460580  -2.792518	1
-0.106812  -0.107238	0
-0.104984  -0.111738	0
-0.106812  -0.107238	0
-2.459431  -2.788599	1
-0.106488  -0.113219	0
-0.104984  -0.111738	0
-0.106488  -0.113219	0
-2.460651  -2.800355	1
-2.448707  -2.784115	1
-0.108264  -0.111412	0
-0.106422  -0.106002	0
-0.108264  -0.111412	0
-2.447550  -2.784791	1
-0.107934  -0.110012	0
-0.106422  -0.106002	0
-0.107934  -0.110012	0
-2.448779  -2.780130	1
-2.461595  -2.794801	1
-0.106688  -0.108071	0
-0.104862  -0.110718	0
-0.106688  -0.108071	0
-2.460447  -2.786691	1
-0.106364  -0.107318	0
-0.104862  -0.110718	0
-0.106364  -0.107318	0
-2.461666  -2.792747	1
-2.448912  -2.788843	1
-0.108239  -0.115684	0
-0.106397  -0.113632	0
-0.108239  -0.115684	0
-2.447755  -2.789418	1
-0.107910  -0.116698	0
-0.106397  -0.113632	0
-0.107910  -0.116698	0
-2.448984  -2.789195	1
-2.461894  -2.799992	1
-0.106651  -0.113751	0
-0.104825  -0.110589	0
-0.106651  -0.113751	0
-2.460746  -2.791576	1
-0.106328  -0.107069	0
-0.104825  -0.110589	0
-0.106328  -0.107069	0
-2.461965  -2.789461	1
-2.448970  -2.780383	1
-0.108232  -0.109015	0
-0.106390  -0.108366	0
-0.108232  -0.109015	0
-2.447814  -2.784322	1
-0.107902  -0.112313	0
-0.106390  -0.108366	0
-0.107902  -0.112313	0
-2.449043  -2.786336	1
-2.461486  -2.797027	1
-0.106701  -0.112602	0
-0.104875  -0.106945	0
-0.106701  -0.112602	0
-2.460337  -2.789749	1
-0.106378  -0.106444	0
-0.104875  -0.106945	0
-0.106378  -0.106444	0
-2.461556  -2.787771	1
-2.448877  -2.781238	1
-0.108244  -0.109689	0
-0.106401  -0.108493	0
-0.108244  -0.109689	0
-2.447720  -2.784562	1
-0.107914  -0.111650	0
-0.106401  -0.108493	0
-0.107914  -0.111650	0
-2.448949  -2.786777	1
-2.461313  -2.793104	1
-0.106722  -0.109788	0
-0.104896  -0.102124	0
-0.106722  -0.109788	0
-2.460164  -2.790244	1
-0.106399  -0.106222	0
-0.104896  -0.102124	0
-0.106399  -0.106222	0
-2.461384  -2.788679	1
-2.448861  -2.787283	1
-0.108246  -0.112527	0
-0.106403  -0.111168	0
-0.108246  -0.112527	0
-2.447704  -2.788045	1
-0.107916  -0.113271	0
-0.106403  -0.111168	0
-0.107916  -0.113271	0
-2.448933  -2.790298	1
-2.457833  -2.789629	1
-0.107148  -0.105827	0
-0.105317  -0.103038	0
-0.107148  -0.105827	0
-2.456682  -2.788603	1
-0.106823  -0.110099	0
-0.105317  -0.103038	0
-0.106823  -0.110099	0
-2.457904  -2.794357	1
-2.448150  -2.788779	1
-0.108332  -0.113752	0
-0.106489  -0.109501	0
-0.108332  -0.113752	0
-2.446993  -2.788127	1
-0.108002  -0.112040	0
-0.106489  -0.109501	0
-0.108002  -0.112040	0
-2.448223  -2.786903	1
-2.459783  -2.785599	1
-0.106909  -0.102348	0
-0.105081  -0.103581	0
-0.106909  -0.102348	0
-2.458633  -2.786504	1
-0.106585  -0.111440	0
-0.105081  -0.103581	0
-0.106585  -0.111440	0
-2.459854  -2.795582	1
-2.448561  -2.794699	1
-0.108282  -0.118814	0
-0.106440  -0.114497	0
-0.108282  -0.118814	0
-2.447404  -2.790623	1
-0.107952  -0.116106	0
-0.106440  -0.114497	0
-0.107952  -0.116106	0
-2.448633  -2.789708	1
-2.461188  -2.791923	1
-0.106737  -0.110499	0
-0.104911  -0.108814	0
-0.106737  -0.110499	0
-2.460039  -2.795021	1
-0.106414  -0.115616	0
-0.104911  -0.108814	0
-0.106414  -0.115616	0
-2.461259  -2.797629	1
-2.448852  -2.785229	1
-0.108247  -0.111352	0
-0.106404  -0.107894	0
-0.108247  -0.111352	0
-2.447695  -2.782161	1
-0.107917  -0.109832	0
-0.106404  -0.107894	0
-0.107917  -0.109832	0
-2.448924  -2.782205	1
-2.461917  -2.795977	1
-0.106648  -0.115844	0
-0.104823  -0.108392	0
-0.106648  -0.115844	0
-2.460769  -2.797111	1
-0.106325  -0.111546	0
-0.104823  -0.108392	0
-0.106325  -0.111546	0
-2.461988  -2.792275	1
-2.449004  -2.782065	1
-0.108228  -0.108869	0
-0.106386  -0.108044	0
-0.108228  -0.108869	0
-2.447847  -2.780595	1
-0.107898  -0.109116	0
-0.106386  -0.108044	0
-0.107898  -0.109116	0
-2.449076  -2.784283	1
-2.461938  -2.793280	1
-0.106646  -0.111713	0
-0.104820  -0.102339	0
-0.106646  -0.111713	0
-2.460790  -2.790220	1
-0.106323  -0.103404	0
-0.104820  -0.102339	0
-0.106323  -0.103404	0
-2.462009  -2.784392	1
-2.449008  -2.790543	1
-0.108228  -0.115727	0
-0.106385  -0.116766	0
-0.108228  -0.115727	0
-2.447851  -2.789484	1
-0.107898  -0.117051	0
-0.106385  -0.116766	0
-0.107898  -0.117051	0
-2.449080  -2.795229	1
-2.461575  -2.791887	1
-0.106690  -0.110659	0
-0.104864  -0.101175	0
-0.106690  -0.110659	0
-2.460427  -2.793158	1
-0.106367  -0.104661	0
-0.104864  -0.101175	0
-0.106367  -0.104661	0
-2.461646  -2.788141	1
-2.448976  -2.789264	1
-0.108232  -0.112651	0
-0.106389  -0.112141	0
-0.108232  -0.112651	0
-2.447819  -2.787782	1
-0.107902  -0.112824	0
-0.106389  -0.112141	0
-0.107902  -0.112824	0
-2.449048  -2.791887	1
-2.460788  -2.786819	1
-0.106786  -0.102254	0
-0.104959  -0.098029	0
-0.106786  -0.102254	0
-2.459639  -2.785929	1
-0.106463  -0.102557	0
-0.104959  -0.098029	0
-0.106463  -0.102557	0
-2.460859  -2.787151	1
-2.448778  -2.798281	1
-0.108256  -0.119915	0
-0.106413  -0.118287	0
-0.108256  -0.119915	0
-2.447621  -2.795571	1
-0.107926  -0.119329	0
-0.106413  -0.118287	0
-0.107926  -0.119329	0
-2.448851  -2.798174	1
-2.458529  -2.787625	1
-0.107063  -0.103269	0
-0.105233  -0.101717	0
-0.107063  -0.103269	0
-2.457379  -2.790765	1
-0.106738  -0.110369	0
-0.105233  -0.101717	0
-0.106738  -0.110369	0
-2.458601  -2.793629	1
-2.448325  -2.792639	1
-0.108311  -0.115226	0
-0.106468  -0.111283	0
-0.108311  -0.115226	0
-2.447168  -2.788974	1
-0.107981  -0.113428	0
-0.106468  -0.111283	0
-0.107981  -0.113428	0
-2.448398  -2.789267	1
-2.460246  -2.787696	1
-0.106853  -0.107576	0
-0.105025  -0.104285	0
-0.106853  -0.107576	0
-2.459097  -2.795494	1
-0.106529  -0.115000	0
-0.105025  -0.104285	0
-0.106529  -0.115000	0
-2.460317  -2.795279	1
-2.448691  -2.788428	1
-0.108266  -0.112392	0
-0.106424  -0.108856	0
-0.108266  -0.112392	0
-2.447534  -2.782487	1
-0.107936  -0.109669	0
-0.106424  -0.108856	0
-0.107936  -0.109669	0
-2.448764  -2.785065	1
-2.461358  -2.786280	1
-0.106717  -0.110084	0
-0.104890  -0.102095	0
-0.106717  -0.110084	0
-2.460209  -2.795033	1
-0.106393  -0.110798	0
-0.104890  -0.102095	0
-0.106393  -0.110798	0
-2.461428  -2.789047	1
-2.448930  -2.792353	1
-0.108237  -0.116215	0
-0.106395  -0.115771	0
-0.108237  -0.116215	0
-2.447773  -2.784976	1
-0.107907  -0.114529	0
-0.106395  -0.115771	0
-0.107907  -0.114529	0
-2.449003  -2.791097	1
-2.461793  -2.791505	1
-0.106663  -0.114428	0
-0.104838  -0.102848	0
-0.106663  -0.114428	0
-2.460644  -2.797713	1
-0.106340  -0.108479	0
-0.104838  -0.102848	0
-0.106340  -0.108479	0
-2.461864  -2.788510	1
-2.449027  -2.786851	1
-0.108225  -0.110796	0
-0.106383  -0.111507	0
-0.108225  -0.110796	0
-2.447870  -2.782244	1
-0.107895  -0.110956	0
-0.106383  -0.111507	0
-0.107895  -0.110956	0
-2.449099  -2.788711	1
-2.461262  -2.786670	1
-0.106728  -0.107126	0
-0.104902  -0.100708	0
-0.106728  -0.107126	0
-2.460113  -2.789280	1
-0.106405  -0.102272	0
-0.104902  -0.100708	0
-0.106405  -0.102272	0
-2.461333  -2.786209	1
-2.448978  -2.795229	1
-0.108231  -0.117478	0
-0.106389  -0.117491	0
-0.108231  -0.117478	0
-2.447822  -2.791060	1
-0.107901  -0.117445	0
-0.106389  -0.117491	0
-0.107901  -0.117445	0
-2.449051  -2.795429	1
-2.459520  -2.790600	1
-0.106941  -0.105184	0
-0.105113  -0.102355	0
-0.106941  -0.105184	0
-2.458371  -2.789171	1
-0.106617  -0.102789	0
-0.105113  -0.102355	0
-0.106617  -0.102789	0
-2.459591  -2.789647	1
-2.448477  -2.792294	1
-0.108293  -0.114628	0
-0.106450  -0.112888	0
-0.108293  -0.114628	0
-2.447320  -2.791869	1
-0.107963  -0.115437	0
-0.106450  -0.112888	0
-0.107963  -0.115437	0
-2.448549  -2.792681	1
-2.459966  -2.790418	1
-0.106887  -0.103251	0
-0.105059  -0.103177	0
-0.106887  -0.103251	0
-2.458817  -2.789094	1
-0.106563  -0.105420	0
-0.105059  -0.103177	0
-0.106563  -0.105420	0
-2.460037  -2.791005	1
-2.448544  -2.791918	1
-0.108284  -0.114550	0
-0.106442  -0.111534	0
-0.108284  -0.114550	0
-2.447387  -2.790915	1
-0.107954  -0.114490	0
-0.106442  -0.111534	0
-0.107954  -0.114490	0
-2.448617  -2.791615	1
-2.458886  -2.785749	1
-0.107019  -0.101869	0
-0.105189  -0.101411	0
-0.107019  -0.101869	0
-2.457736  -2.788229	1
-0.106694  -0.107032	0
-0.105189  -0.101411	0
-0.106694  -0.107032	0
-2.458958  -2.788160	1
-2.448442  -2.795945	1
-0.108297  -0.118581	0
-0.106454  -0.116216	0
-0.108297  -0.118581	0
-2.447284  -2.791373	1
-0.107967  -0.117566	0
-0.106454  -0.116216	0
-0.107967  -0.117566	0
-2.448514  -2.794429	1
-2.460297  -2.787590	1
-0.106846  -0.109376	0
-0.105019  -0.104022	0
-0.106846  -0.109376	0
-2.459148  -2.796215	1
-0.106522  -0.112589	0
-0.105019  -0.104022	0
-0.106522  -0.112589	0
-2.460368  -2.790492	1
-2.448756  -2.787257	1
-0.108258  -0.111080	0
-0.106416  -0.109754	0
-0.108258  -0.111080	0
-2.447599  -2.780431	1
-0.107929  -0.109898	0
-0.106416  -0.109754	0
-0.107929  -0.109898	0
-2.448828  -2.785678	1
-2.461094  -2.787692	1
-0.106749  -0.112115	0
-0.104922  -0.103708	0
-0.106749  -0.112115	0
-2.459946  -2.796826	1
-0.106425  -0.110192	0
-0.104922  -0.103708	0
-0.106425  -0.110192	0
-2.461165  -2.789927	1
-2.448938  -2.786593	1
-0.108236  -0.110542	0
-0.106394  -0.109940	0
-0.108236  -0.110542	0
-2.447781  -2.780216	1
-0.107906  -0.109266	0
-0.106394  -0.109940	0
-0.107906  -0.109266	0
-2.449010  -2.785567	1
-2.458350  -2.788598	1
-0.107084  -0.108895	0
-0.105254  -0.106447	0
-0.107084  -0.108895	0
-2.457200  -2.790733	1
-0.106760  -0.108017	0
-0.105254  -0.106447	0
-0.106760  -0.108017	0
-2.458421  -2.792183	1
-2.448245  -2.786578	1
-0.108321  -0.111297	0
-0.106478  -0.109103	0
-0.108321  -0.111297	0
-2.447088  -2.783747	1
-0.107991  -0.110807	0
-0.106478  -0.109103	0
-0.107991  -0.110807	0
-2.448317  -2.784131	1
-2.459771  -2.791164	1
-0.106911  -0.106393	0
-0.105082  -0.107627	0
-0.106911  -0.106393	0
-2.458622  -2.788014	1
-0.106587  -0.104935	0
-0.105082  -0.107627	0
-0.106587  -0.104935	0
-2.459842  -2.793347	1
-2.448538  -2.788426	1
-0.108285  -0.112637	0
-0.106442  -0.109656	0
-0.108285  -0.112637	0
-2.447381  -2.788731	1
-0.107955  -0.112865	0
-0.106442  -0.109656	0
-0.107955  -0.112865	0
-2.448610  -2.786697	1
-2.460621  -2.791029	1
-0.106807  -0.101448	0
-0.104980  -0.105604	0
-0.106807  -0.101448	0
-2.459472  -2.782708	1
-0.106483  -0.100420	0
-0.104980  -0.105604	0
-0.106483  -0.100420	0
-2.460691  -2.788677	1
-2.448699  -2.795015	1
-0.108265  -0.118556	0
-0.106423  -0.116383	0
-0.108265  -0.118556	0
-2.447542  -2.796331	1
-0.107935  -0.120091	0
-0.106423  -0.116383	0
-0.107935  -0.120091	0
-2.448771  -2.795304	1
-2.460777  -2.793959	1
-0.106788  -0.105105	0
-0.104961  -0.107407	0
-0.106788  -0.105105	0
-2.459628  -2.788569	1
-0.106464  -0.105563	0
-0.104961  -0.107407	0
-0.106464  -0.105563	0
-2.460848  -2.789489	1
-2.448715  -2.787043	1
-0.108263  -0.112332	0
-0.106421  -0.110063	0
-0.108263  -0.112332	0
-2.447558  -2.788837	1
-0.107933  -0.114415	0
-0.106421  -0.110063	0
-0.107933  -0.114415	0
-2.448787  -2.789469	1
-2.460212  -2.791562	1
-0.106857  -0.108096	0
-0.105029  -0.106425	0
-0.106857  -0.108096	0
-2.459063  -2.791346	1
-0.106533  -0.108870	0
-0.105029  -0.106425	0
-0.106533  -0.108870	0
-2.460283  -2.788429	1
-2.448581  -2.784477	1
-0.108280  -0.110688	0
-0.106437  -0.108794	0
-0.108280  -0.110688	0
-2.447424  -2.783123	1
-0.107950  -0.111230	0
-0.106437  -0.108794	0
-0.107950  -0.111230	0
-2.448654  -2.786328	1
-2.459956  -2.785712	1
-0.106888  -0.106828	0
-0.105060  -0.103476	0
-0.106888  -0.106828	0
-2.458807  -2.788468	1
-0.106564  -0.106964	0
-0.105060  -0.103476	0
-0.106564  -0.106964	0
-2.460027  -2.786710	1
-2.448750  -2.790341	1
-0.108259  -0.115554	0
-0.106417  -0.114542	0
-0.108259  -0.115554	0
-2.447593  -2.786006	1
-0.107929  -0.115121	0
-0.106417  -0.114542	0
-0.107929  -0.115121	0
-2.448822  -2.789873	1
-3.217623  -2.874336	2
-0.014187  -0.018692	0
-0.013329  -0.018500	0
-0.014187  -0.018692	0
-3.216974  -2.874358	2
-0.014257  -0.018058	0
-0.013329  -0.018500	0
-0.014257  -0.018058	0
-3.217601  -2.875548	2
-3.208321  -2.852180	2
-0.015325  -0.016464	0
-0.014456  -0.012772	0
-0.015325  -0.016464	0
-3.207666  -2.852671	2
-0.015390  -0.015388	0
-0.014456  -0.012772	0
-0.015390  -0.015388	0
-3.208299  -2.849777	2
-3.213070  -2.873924	2
-0.014744  -0.018899	0
-0.013881  -0.018512	0
-0.014744  -0.018899	0
-3.212418  -2.872632	2
-0.014812  -0.018399	0
-0.013881  -0.018512	0
-0.014812  -0.018399	0
-3.213048  -2.875960	2
-3.206063  -2.850170	2
-0.015601  -0.016211	0
-0.014729  -0.012296	0
-0.015601  -0.016211	0
-3.205406  -2.852680	2
-0.015665  -0.015519	0
-0.014729  -0.012296	0
-0.015665  -0.015519	0
-3.206041  -2.849418	2
-3.209166  -2.867958	2
-0.015221  -0.019725	0
-0.014353  -0.018582	0
-0.015221  -0.019725	0
-3.208511  -2.866920	2
-0.015287  -0.019321	0
-0.014353  -0.018582	0
-0.015287  -0.019321	0
-3.209144  -2.869800	2
-3.204075  -2.846383	2
-0.015844  -0.015350	0
-0.014970  -0.013013	0
-0.015844  -0.015350	0
-3.203417  -2.848974	2
-0.015908  -0.015766	0
-0.014970  -0.013013	0
-0.015908  -0.015766	0
-3.204053  -2.847219	2
-3.206027  -2.864044	2
-0.015605  -0.020120	0
-0.014733  -0.018821	0
-0.015605  -0.020120	0
-3.205370  -2.864191	2
-0.015670  -0.019971	0
-0.014733  -0.018821	0
-0.015670  -0.019971	0
-3.206005  -2.864811	2
-3.202391  -2.845881	2
-0.016050  -0.015351	0
-0.015174  -0.014186	0
-0.016050  -0.015351	0
-3.201732  -2.845760	2
-0.016113  -0.015074	0
-0.015174  -0.014186	0
-0.016113  -0.015074	0
-3.202370  -2.845392	2
-3.229134  -2.867350	2
-0.012778  -0.019325	0
-0.011936  -0.018865	0
-0.012778  -0.019325	0
-3.228493  -2.869107	2
-0.012855  -0.019654	0
-0.011936  -0.018865	0
-0.012855  -0.019654	0
-3.229110  -2.868166	2
-3.213260  -2.849734	2
-0.014720  -0.015757	0
-0.013858  -0.014411	0
-0.014720  -0.015757	0
-3.212608  -2.846955	2
-0.014789  -0.014057	0
-0.013858  -0.014411	0
-0.014789  -0.014057	0
-3.213238  -2.846634	2
-3.223457  -2.876090	2
-0.013473  -0.018496	0
-0.012623  -0.018413	0
-0.013473  -0.018496	0
-3.222812  -2.877824	2
-0.013546  -0.018856	0
-0.012623  -0.018413	0
-0.013546  -0.018856	0
-3.223433  -2.877186	2
-3.210569  -2.853763	2
-0.015050  -0.015564	0
-0.014183  -0.013427	0
-0.015050  -0.015564	0
-3.209915  -2.851241	2
-0.015116  -0.013517	0
-0.014183  -0.013427	0
-0.015116  -0.013517	0
-3.210547  -2.850119	2
-3.218051  -2.881042	2
-0.014134  -0.018468	0
-0.013278  -0.017849	0
-0.014134  -0.018468	0
-3.217402  -2.880790	2
-0.014205  -0.018049	0
-0.013278  -0.017849	0
-0.014205  -0.018049	0
-3.218028  -2.882269	2
-3.208063  -2.853349	2
-0.015356  -0.014856	0
-0.014487  -0.012138	0
-0.015356  -0.014856	0
-3.207407  -2.854108	2
-0.015422  -0.014299	0
-0.014487  -0.012138	0
-0.015422  -0.014299	0
-3.208041  -2.852237	2
-3.213150  -2.876941	2
-0.014734  -0.019501	0
-0.013871  -0.017780	0
-0.014734  -0.019501	0
-3.212498  -2.875294	2
-0.014802  -0.018449	0
-0.013871  -0.017780	0
-0.014802  -0.018449	0
-3.213128  -2.878054	2
-3.205800  -2.850215	2
-0.015633  -0.014372	0
-0.014761  -0.012620	0
-0.015633  -0.014372	0
-3.205143  -2.853345	2
-0.015697  -0.015643	0
-0.014761  -0.012620	0
-0.015697  -0.015643	0
-3.205779  -2.851924	2
-3.208959  -2.869247	2
-0.015247  -0.019785	0
-0.014378  -0.017904	0
-0.015247  -0.019785	0
-3.208304  -2.868720	2
-0.015313  -0.019326	0
-0.014378  -0.017904	0
-0.015313  -0.019326	0
-3.208937  -2.870491	2
-3.203827  -2.847597	2
-0.015875  -0.014941	0
-0.015000  -0.014099	0
-0.015875  -0.014941	0
-3.203169  -2.849470	2
-0.015938  -0.015866	0
-0.015000  -0.014099	0
-0.015938  -0.015866	0
-3.203806  -2.848942	2
-3.235661  -2.867012	2
-0.011980  -0.019370	0
-0.011146  -0.017906	0
-0.011980  -0.019370	0
-3.235024  -2.868693	2
-0.012059  -0.019754	0
-0.011146  -0.017906	0
-0.012059  -0.019754	0
-3.235636  -2.868228	2
-3.215854  -2.849125	2
-0.014403  -0.015571	0
-0.013544  -0.015440	0
-0.014403  -0.015571	0
-3.215204  -2.847229	2
-0.014473  -0.014768	0
-0.013544  -0.015440	0
-0.014473  -0.014768	0
-3.215831  -2.847901	2
-3.229481  -2.873509	2
-0.012736  -0.018281	0
-0.011894  -0.017901	0
-0.012736  -0.018281	0
-3.228840  -2.875434	2
-0.012812  -0.019327	0
-0.011894  -0.017901	0
-0.012812  -0.019327	0
-3.229457  -2.873878	2
-3.212990  -2.853192	2
-0.014754  -0.015634	0
-0.013890  -0.015171	0
-0.014754  -0.015634	0
-3.212337  -2.848887	2
-0.014821  -0.013174	0
-0.013890  -0.015171	0
-0.014821  -0.013174	0
-3.212967  -2.850079	2
-3.223364  -2.881149	2
-0.013484  -0.018197	0
-0.012634  -0.017635	0
-0.013484  -0.018197	0
-3.222719  -2.881621	2
-0.013558  -0.019041	0
-0.012634  -0.017635	0
-0.013558  -0.019041	0
-3.223341  -2.880987	2
-3.210267  -2.855159	2
-0.015087  -0.014365	0
-0.014220  -0.013899	0
-0.015087  -0.014365	0
-3.209613  -2.852313	2
-0.015153  -0.013258	0
-0.014220  -0.013899	0
-0.015153  -0.013258	0
-3.210245  -2.853920	2
-3.217585  -2.882338	2
-0.014191  -0.019045	0
-0.013334  -0.017273	0
-0.014191  -0.019045	0
-3.216936  -2.880513	2
-0.014262  -0.018617	0
-0.013334  -0.017273	0
-0.014262  -0.018617	0
-3.217562  -2.881290	2
-3.207752  -2.852436	2
-0.015394  -0.013209	0
-0.014524  -0.013264	0
-0.015394  -0.013209	0
-3.207097  -2.853057	2
-0.015460  -0.014882	0
-0.014524  -0.013264	0
-0.015460  -0.014882	0
-3.207731  -2.854775	2
-3.212413  -2.875637	2
-0.014824  -0.019347	0
-0.013960  -0.017024	0
-0.014824  -0.019347	0
-3.211761  -2.873932	2
-0.014892  -0.018604	0
-0.013960  -0.017024	0
-0.014892  -0.018604	0
-3.212391  -2.875291	2
-3.205504  -2.849473	2
-0.015669  -0.013639	0
-0.014797  -0.014288	0
-0.015669  -0.013639	0
-3.204847  -2.851480	2
-0.015733  -0.016559	0
-0.014797  -0.014288	0
-0.015733  -0.016559	0
-3.205483  -2.852987	2
-3.208075  -2.869627	2
-0.015355  -0.019166	0
-0.014485  -0.017286	0
-0.015355  -0.019166	0
-3.207420  -2.869453	2
-0.015420  -0.019080	0
-0.014485  -0.017286	0
-0.015420  -0.019080	0
-3.208054  -2.869780	2
-3.203568  -2.849418	2
-0.015906  -0.015425	0
-0.015031  -0.015785	0
-0.015906  -0.015425	0
-3.202910  -2.849323	2
-0.015969  -0.016295	0
-0.015031  -0.015785	0
-0.015969  -0.016295	0
-3.203547  -2.850587	2
-3.235443  -2.869991	2
-0.012006  -0.018384	0
-0.011172  -0.017645	0
-0.012006  -0.018384	0
-3.234806  -2.870809	2
-0.012086  -0.019294	0
-0.011172  -0.017645	0
-0.012086  -0.019294	0
-3.235418  -2.870346	2
-3.215527  -2.851532	2
-0.014443  -0.016380	0
-0.013583  -0.016114	0
-0.014443  -0.016380	0
-3.214876  -2.848716	2
-0.014512  -0.014926	0
-0.013583  -0.016114	0
-0.014512  -0.014926	0
-3.215504  -2.850295	2
-3.228758  -2.875041	2
-0.012824  -0.018175	0
-0.011981  -0.017661	0
-0.012824  -0.018175	0
-3.228117  -2.875188	2
-0.012900  -0.019461	0
-0.011981  -0.017661	0
-0.012900  -0.019461	0
-3.228734  -2.874391	2
-3.212626  -2.852999	2
-0.014798  -0.015149	0
-0.013934  -0.015562	0
-0.014798  -0.015149	0
-3.211973  -2.848982	2
-0.014866  -0.013843	0
-0.013934  -0.015562	0
-0.014866  -0.013843	0
-3.212604  -2.852245	2
-3.222241  -2.878327	2
-0.013622  -0.018628	0
-0.012770  -0.017353	0
-0.013622  -0.018628	0
-3.221595  -2.876387	2
-0.013694  -0.019347	0
-0.012770  -0.017353	0
-0.013694  -0.019347	0
-3.222218  -2.876143	2
-3.209892  -2.851560	2
-0.015133  -0.013490	0
-0.014265  -0.014685	0
-0.015133  -0.013490	0
-3.209238  -2.849268	2
-0.015199  -0.014280	0
-0.014265  -0.014685	0
-0.015199  -0.014280	0
-3.209870  -2.853518	2
-3.216211  -2.875719	2
-0.014359  -0.019452	0
-0.013500  -0.017331	0
-0.014359  -0.019452	0
-3.215561  -2.873305	2
-0.014429  -0.019041	0
-0.013500  -0.017331	0
-0.014429  -0.019041	0
-3.216188  -2.873179	2
-3.207393  -2.849787	2
-0.015438  -0.013284	0
-0.014568  -0.014746	0
-0.015438  -0.013284	0
-3.206737  -2.849702	2
-0.015503  -0.016108	0
-0.014568  -0.014746	0
-0.015503  -0.016108	0
-3.207371  -2.853404	2
-3.210953  -2.871447	2
-0.015003  -0.019260	0
-0.014137  -0.017497	0
-0.015003  -0.019260	0
-3.210300  -2.869818	2
-0.015070  -0.018573	0
-0.014137  -0.017497	0
-0.015070  -0.018573	0
-3.210931  -2.869980	2
-3.205186  -2.849002	2
-0.015708  -0.014978	0
-0.014835  -0.015144	0
-0.015708  -0.014978	0
-3.204529  -2.849831	2
-0.015772  -0.017230	0
-0.014835  -0.015144	0
-0.015772  -0.017230	0
-3.205164  -2.851407	2
-3.211044  -2.869258	2
-0.014992  -0.018655	0
-0.014126  -0.017649	0
-0.014992  -0.018655	0
-3.210391  -2.868756	2
-0.015059  -0.018630	0
-0.014126  -0.017649	0
-0.015059  -0.018630	0
-3.211022  -2.869305	2
-3.206526  -2.850036	2
-0.015544  -0.016507	0
-0.014673  -0.015685	0
-0.015544  -0.016507	0
-3.205869  -2.849514	2
-0.015609  -0.016762	0
-0.014673  -0.015685	0
-0.015609  -0.016762	0
-3.206504  -2.850229	2
-3.234049  -2.869890	2
-0.012177  -0.018238	0
-0.011341  -0.018027	0
-0.012177  -0.018238	0
-3.233411  -2.868953	2
-0.012256  -0.019146	0
-0.011341  -0.018027	0
-0.012256  -0.019146	0
-3.234024  -2.870025	2
-3.215087  -2.850544	2
-0.014497  -0.016690	0
-0.013636  -0.015485	0
-0.014497  -0.016690	0
-3.214437  -2.848567	2
-0.014566  -0.015286	0
-0.013636  -0.015485	0
-0.014566  -0.015286	0
-3.215065  -2.849735	2
-3.226933  -2.870198	2
-0.013048  -0.018774	0
-0.012202  -0.018319	0
-0.013048  -0.018774	0
-3.226290  -2.868557	2
-0.013123  -0.019873	0
-0.012202  -0.018319	0
-0.013123  -0.019873	0
-3.226909  -2.869184	2
-3.212173  -2.848989	2
-0.014853  -0.015203	0
-0.013989  -0.014893	0
-0.014853  -0.015203	0
-3.211520  -2.847040	2
-0.014921  -0.014826	0
-0.013989  -0.014893	0
-0.014921  -0.014826	0
-3.212151  -2.849921	2
-3.220180  -2.869622	2
-0.013874  -0.019718	0
-0.013020  -0.018410	0
-0.013874  -0.019718	0
-3.219533  -2.867436	2
-0.013945  -0.019715	0
-0.013020  -0.018410	0
-0.013945  -0.019715	0
-3.220157  -2.867135	2
-3.209456  -2.847090	2
-0.015186  -0.014029	0
-0.014318  -0.014646	0
-0.015186  -0.014029	0
-3.208802  -2.845851	2
-0.015252  -0.015490	0
-0.014318  -0.014646	0
-0.015252  -0.015490	0
-3.209434  -2.849435	2
-3.214123  -2.869061	2
-0.014615  -0.019676	0
-0.013753  -0.018348	0
-0.014615  -0.019676	0
-3.213472  -2.867460	2
-0.014683  -0.018936	0
-0.013753  -0.018348	0
-0.014683  -0.018936	0
-3.214100  -2.867162	2
-3.207003  -2.847759	2
-0.015486  -0.014638	0
-0.014615  -0.014739	0
-0.015486  -0.014638	0
-3.206347  -2.847195	2
-0.015551  -0.016388	0
-0.014615  -0.014739	0
-0.015551  -0.016388	0
-3.206981  -2.849153	2
-3.216513  -2.869921	2
-0.014322  -0.019040	0
-0.013464  -0.018135	0
-0.014322  -0.019040	0
-3.215863  -2.869245	2
-0.014392  -0.018367	0
-0.013464  -0.018135	0
-0.014392  -0.018367	0
-3.216491  -2.869594	2
-3.208540  -2.849986	2
-0.015298  -0.016406	0
-0.014429  -0.014529	0
-0.015298  -0.016406	0
-3.207885  -2.849982	2
-0.015364  -0.016568	0
-0.014429  -0.014529	0
-0.015364  -0.016568	0
-3.208519  -2.849213	2
-3.212275  -2.870327	2
-0.014841  -0.018532	0
-0.013977  -0.018229	0
-0.014841  -0.018532	0
-3.211622  -2.869585	2
-0.014909  -0.018393	0
-0.013977  -0.018229	0
-0.014909  -0.018393	0
-3.212253  -2.871362	2
-3.206298  -2.850144	2
-0.015572  -0.017251	0
-0.014700  -0.013777	0
-0.015572  -0.017251	0
-3.205642  -2.850964	2
-0.015637  -0.016298	0
-0.014700  -0.013777	0
-0.015637  -0.016298	0
-3.206277  -2.848935	2
-3.208686  -2.868147	2
-0.015280  -0.019022	0
-0.014411  -0.018742	0
-0.015280  -0.019022	0
-3.208031  -2.866475	2
-0.015346  -0.019265	0
-0.014411  -0.018742	0
-0.015346  -0.019265	0
-3.208664  -2.868983	2
-3.204309  -2.847858	2
-0.015816  -0.016317	0
-0.014941  -0.013716	0
-0.015816  -0.016317	0
-3.203652  -2.848776	2
-0.015879  -0.015820	0
-0.014941  -0.013716	0
-0.015879  -0.015820	0
-3.204288  -2.848042	2
-3.224214  -2.864876	2
-0.013380  -0.019723	0
-0.012531  -0.019066	0
-0.013380  -0.019723	0
-3.223569  -2.863189	2
-0.013454  -0.020084	0
-0.012531  -0.019066	0
-0.013454  -0.020084	0
-3.224190  -2.864739	2
-3.211653  -2.845325	2
-0.014917  -0.015238	0
-0.014052  -0.014120	0
-0.014917  -0.015238	0
-3.211000  -2.845216	2
-0.014984  -0.015233	0
-0.014052  -0.014120	0
-0.014984  -0.015233	0
-3.211631  -2.846117	2
-3.227951  -2.864579	2
-0.012923  -0.020054	0
-0.012079  -0.019043	0
-0.012923  -0.020054	0
-3.227309  -2.864409	2
-0.012999  -0.019854	0
-0.012079  -0.019043	0
-0.012999  -0.019854	0
-3.227927  -2.863913	2
-3.213451  -2.846259	2
-0.014697  -0.015044	0
-0.013834  -0.014420	0
-0.014697  -0.015044	0
-3.212800  -2.844778	2
-0.014765  -0.015163	0
-0.013834  -0.014420	0
-0.014765  -0.015163	0
-3.213429  -2.845891	2
-3.222651  -2.869536	2
-0.013571  -0.019289	0
-0.012721  -0.018806	0
-0.013571  -0.019289	0
-3.222005  -2.870105	2
-0.013645  -0.018695	0
-0.012721  -0.018806	0
-0.013645  -0.018695	0
-3.222627  -2.869156	2
-3.210803  -2.849796	2
-0.015021  -0.015978	0
-0.014155  -0.013700	0
-0.015021  -0.015978	0
-3.210149  -2.848444	2
-0.015088  -0.015148	0
-0.014155  -0.013700	0
-0.015088  -0.015148	0
-3.210781  -2.847440	2
