 0.318471    0.318471    0.000000    0.000000
 0.318471   -0.318471    0.000000    0.000000
 0.318471   -0.159236    0.275804    0.000000
 0.318471    0.159236    0.275804    0.000000
 0.183870    0.159236    0.091935    0.000000
 0.183870   -0.159236    0.091935    0.000000
 0.183870   -0.000000    0.183870    0.000000
 0.183870   -0.000000   -0.183870    0.000000
 0.318471    0.159236   -0.275804    0.000000
 0.183870    0.159236   -0.091935    0.000000
 0.183870   -0.159236   -0.091935    0.000000
 0.318471   -0.159236   -0.275804    0.000000
 0.318471   -0.318471    0.000000    0.000000
 0.318471    0.318471    0.000000    0.000000
 0.183870   -0.159236    0.091935    0.000000
 0.318471   -0.159236    0.275804    0.000000
 0.318471    0.159236    0.275804    0.000000
 0.183870    0.159236    0.091935    0.000000
 0.183870   -0.000000    0.183870    0.000000
 0.183870   -0.000000   -0.183870    0.000000
 0.318471   -0.159236   -0.275804    0.000000
 0.318471    0.159236   -0.275804    0.000000
 0.183870    0.159236   -0.091935    0.000000
 0.183870   -0.159236   -0.091935    0.000000
 0.318471   -0.318471    0.000000    0.000000
 0.318471    0.318471    0.000000    0.000000
 0.183870   -0.159236    0.091935    0.000000
 0.318471   -0.159236    0.275804    0.000000
 0.318471    0.159236    0.275804    0.000000
 0.183870    0.159236    0.091935    0.000000
 0.183870   -0.000000    0.183870    0.000000
 0.183870   -0.000000   -0.183870    0.000000
 0.183870   -0.159236   -0.091935    0.000000
 0.318471   -0.159236   -0.275804    0.000000
 0.318471    0.159236   -0.275804    0.000000
 0.183870    0.159236   -0.091935    0.000000
 0.318471   -0.318471    0.000000    0.000000
 0.318471    0.318471    0.000000    0.000000
 0.183870   -0.159236    0.091935    0.000000
 0.318471   -0.159236    0.275804    0.000000
 0.318471    0.159236    0.275804    0.000000
 0.183870    0.159236    0.091935    0.000000
 0.183870   -0.000000    0.183870    0.000000
 0.183870   -0.000000   -0.183870    0.000000
 0.183870   -0.159236   -0.091935    0.000000
 0.318471   -0.159236   -0.275804    0.000000
 0.318471    0.159236   -0.275804    0.000000
 0.183870    0.159236   -0.091935    0.000000
 0.318471   -0.318471    0.000000    0.000000
 0.318471    0.318471    0.000000    0.000000
 0.183870    0.159236    0.091935    0.000000
 0.183870   -0.159236    0.091935    0.000000
 0.318471   -0.159236    0.275804    0.000000
 0.318471    0.159236    0.275804    0.000000
 0.183870   -0.000000    0.183870    0.000000
 0.183870   -0.000000   -0.183870    0.000000
 0.183870   -0.159236   -0.091935    0.000000
 0.318471   -0.159236   -0.275804    0.000000
 0.318471    0.159236   -0.275804    0.000000
 0.183870    0.159236   -0.091935    0.000000
 0.318471    0.318471    0.000000    0.000000
 0.318471   -0.318471    0.000000    0.000000
 0.318471    0.159236    0.275804    0.000000
 0.183870    0.159236    0.091935    0.000000
 0.183870   -0.159236    0.091935    0.000000
 0.318471   -0.159236    0.275804    0.000000
 0.183870   -0.000000    0.183870    0.000000
 0.183870   -0.000000   -0.183870    0.000000
 0.183870    0.159236   -0.091935    0.000000
 0.183870   -0.159236   -0.091935    0.000000
 0.318471   -0.159236   -0.275804    0.000000
 0.318471    0.159236   -0.275804    0.000000
 0.318471    0.159236   -0.275804    0.000000
 0.183870    0.159236   -0.091935    0.000000
 0.183870   -0.159236   -0.091935    0.000000
 0.318471   -0.159236   -0.275804    0.000000
 0.318471    0.318471    0.000000    0.000000
 0.318471   -0.318471    0.000000    0.000000
 0.318471   -0.159236    0.275804    0.000000
 0.318471    0.159236    0.275804    0.000000
 0.183870    0.159236    0.091935    0.000000
 0.183870   -0.159236    0.091935    0.000000
 0.183870   -0.000000    0.183870    0.000000
 0.183870   -0.000000   -0.183870    0.000000
 0.318471   -0.159236   -0.275804    0.000000
 0.318471    0.159236   -0.275804    0.000000
 0.183870    0.159236   -0.091935    0.000000
 0.183870   -0.159236   -0.091935    0.000000
 0.318471   -0.318471    0.000000    0.000000
 0.318471    0.318471    0.000000    0.000000
 0.183870   -0.159236    0.091935    0.000000
 0.318471   -0.159236    0.275804    0.000000
 0.318471    0.159236    0.275804    0.000000
 0.183870    0.159236    0.091935    0.000000
 0.183870   -0.000000    0.183870    0.000000
 0.183870   -0.000000   -0.183870    0.000000
 0.183870   -0.159236   -0.091935    0.000000
 0.318471   -0.159236   -0.275804    0.000000
 0.318471    0.159236   -0.275804    0.000000
 0.183870    0.159236   -0.091935    0.000000
 0.318471   -0.318471    0.000000    0.000000
 0.318471    0.318471    0.000000    0.000000
 0.183870   -0.159236    0.091935    0.000000
 0.318471   -0.159236    0.275804    0.000000
 0.318471    0.159236    0.275804    0.000000
 0.183870    0.159236    0.091935    0.000000
 0.183870   -0.000000    0.183870    0.000000
 0.183870   -0.000000   -0.183870    0.000000
 0.183870   -0.159236   -0.091935    0.000000
 0.318471   -0.159236   -0.275804    0.000000
 0.318471    0.159236   -0.275804    0.000000
 0.183870    0.159236   -0.091935    0.000000
 0.318471   -0.318471    0.000000    0.000000
 0.318471    0.318471    0.000000    0.000000
 0.183870   -0.159236    0.091935    0.000000
 0.318471   -0.159236    0.275804    0.000000
 0.318471    0.159236    0.275804    0.000000
 0.183870    0.159236    0.091935    0.000000
 0.183870   -0.000000    0.183870    0.000000
 0.183870   -0.000000   -0.183870    0.000000
 0.183870   -0.159236   -0.091935    0.000000
 0.318471   -0.159236   -0.275804    0.000000
 0.318471    0.159236   -0.275804    0.000000
 0.183870    0.159236   -0.091935    0.000000
 0.318471   -0.318471    0.000000    0.000000
 0.318471    0.318471    0.000000    0.000000
 0.183870    0.159236    0.091935    0.000000
 0.183870   -0.159236    0.091935    0.000000
 0.318471   -0.159236    0.275804    0.000000
 0.318471    0.159236    0.275804    0.000000
 0.183870   -0.000000    0.183870    0.000000
 0.183870   -0.000000   -0.183870    0.000000
 0.183870    0.159236   -0.091935    0.000000
 0.183870   -0.159236   -0.091935    0.000000
 0.318471   -0.159236   -0.275804    0.000000
 0.318471    0.159236   -0.275804    0.000000
 0.318471    0.318471    0.000000    0.000000
 0.318471   -0.318471    0.000000    0.000000
 0.318471    0.159236    0.275804    0.000000
 0.183870    0.159236    0.091935    0.000000
 0.183870   -0.159236    0.091935    0.000000
 0.318471   -0.159236    0.275804    0.000000
 0.183870   -0.000000    0.183870    0.000000
 0.183870   -0.000000   -0.183870    0.000000
 0.183870    0.000000   -0.183870    0.000000
 0.318471    0.159236   -0.275804    0.000000
 0.183870    0.159236   -0.091935    0.000000
 0.183870   -0.159236   -0.091935    0.000000
 0.318471   -0.159236   -0.275804    0.000000
 0.318471    0.318471    0.000000    0.000000
 0.318471   -0.318471    0.000000    0.000000
 0.318471   -0.159236    0.275804    0.000000
 0.318471    0.159236    0.275804    0.000000
 0.183870    0.159236    0.091935    0.000000
 0.183870   -0.159236    0.091935    0.000000
 0.183870   -0.000000    0.183870    0.000000
 0.183870    0.000000   -0.183870    0.000000
 0.318471   -0.159236   -0.275804    0.000000
 0.318471    0.159236   -0.275804    0.000000
 0.183870    0.159236   -0.091935    0.000000
 0.183870   -0.159236   -0.091935    0.000000
 0.318471   -0.318471    0.000000    0.000000
 0.318471    0.318471    0.000000    0.000000
 0.183870   -0.159236    0.091935    0.000000
 0.318471   -0.159236    0.275804    0.000000
 0.318471    0.159236    0.275804    0.000000
 0.183870    0.159236    0.091935    0.000000
 0.183870   -0.000000    0.183870    0.000000
 0.183870    0.000000   -0.183870    0.000000
 0.183870   -0.159236   -0.091935    0.000000
 0.318471   -0.159236   -0.275804    0.000000
 0.318471    0.159236   -0.275804    0.000000
 0.183870    0.159236   -0.091935    0.000000
 0.318471   -0.318471    0.000000    0.000000
 0.318471    0.318471    0.000000    0.000000
 0.183870   -0.159236    0.091935    0.000000
 0.318471   -0.159236    0.275804    0.000000
 0.318471    0.159236    0.275804    0.000000
 0.183870    0.159236    0.091935    0.000000
 0.183870   -0.000000    0.183870    0.000000
 0.183870    0.000000   -0.183870    0.000000
 0.183870   -0.159236   -0.091935    0.000000
 0.318471   -0.159236   -0.275804    0.000000
 0.318471    0.159236   -0.275804    0.000000
 0.183870    0.159236   -0.091935    0.000000
 0.318471   -0.318471    0.000000    0.000000
 0.318471    0.318471    0.000000    0.000000
 0.183870   -0.159236    0.091935    0.000000
 0.318471   -0.159236    0.275804    0.000000
 0.318471    0.159236    0.275804    0.000000
 0.183870    0.159236    0.091935    0.000000
 0.183870   -0.000000    0.183870    0.000000
 0.183870    0.000000   -0.183870    0.000000
 0.183870   -0.159236   -0.091935    0.000000
 0.318471   -0.159236   -0.275804    0.000000
 0.318471    0.159236   -0.275804    0.000000
 0.183870    0.159236   -0.091935    0.000000
 0.318471   -0.318471    0.000000    0.000000
 0.318471    0.318471    0.000000    0.000000
 0.183870    0.159236    0.091935    0.000000
 0.183870   -0.159236    0.091935    0.000000
 0.318471   -0.159236    0.275804    0.000000
 0.318471    0.159236    0.275804    0.000000
 0.183870   -0.000000    0.183870    0.000000
 0.183870    0.000000   -0.183870    0.000000
 0.183870    0.159236   -0.091935    0.000000
 0.183870   -0.159236   -0.091935    0.000000
 0.318471   -0.159236   -0.275804    0.000000
 0.318471    0.159236   -0.275804    0.000000
 0.318471    0.318471    0.000000    0.000000
 0.318471   -0.318471    0.000000    0.000000
 0.318471    0.159236    0.275804    0.000000
 0.183870    0.159236    0.091935    0.000000
 0.183870   -0.159236    0.091935    0.000000
 0.318471   -0.159236    0.275804    0.000000
 0.183870   -0.000000    0.183870    0.000000
 0.183870    0.000000   -0.183870    0.000000
 0.318471    0.159236   -0.275804    0.000000
 0.183870    0.159236   -0.091935    0.000000
 0.183870   -0.159236   -0.091935    0.000000
 0.318471   -0.159236   -0.275804    0.000000
 0.318471    0.318471    0.000000    0.000000
 0.318471   -0.318471    0.000000    0.000000
 0.318471   -0.159236    0.275804    0.000000
 0.318471    0.159236    0.275804    0.000000
 0.183870    0.159236    0.091935    0.000000
 0.183870   -0.159236    0.091935    0.000000
 0.183870   -0.000000    0.183870    0.000000
 0.183870    0.000000   -0.183870    0.000000
 0.318471   -0.159236   -0.275804    0.000000
 0.318471    0.159236   -0.275804    0.000000
 0.183870    0.159236   -0.091935    0.000000
 0.183870   -0.159236   -0.091935    0.000000
 0.318471   -0.318471    0.000000    0.000000
 0.318471    0.318471    0.000000    0.000000
 0.183870   -0.159236    0.091935    0.000000
 0.318471   -0.159236    0.275804    0.000000
 0.318471    0.159236    0.275804    0.000000
 0.183870    0.159236    0.091935    0.000000
 0.183870   -0.000000    0.183870    0.000000
 0.183870    0.000000   -0.183870    0.000000
 0.183870   -0.159236   -0.091935    0.000000
 0.318471   -0.159236   -0.275804    0.000000
 0.318471    0.159236   -0.275804    0.000000
 0.183870    0.159236   -0.091935    0.000000
 0.318471   -0.318471    0.000000    0.000000
 0.318471    0.318471    0.000000    0.000000
 0.183870   -0.159236    0.091935    0.000000
 0.318471   -0.159236    0.275804    0.000000
 0.318471    0.159236    0.275804    0.000000
 0.183870    0.159236    0.091935    0.000000
 0.183870   -0.000000    0.183870    0.000000
 0.183870    0.000000   -0.183870    0.000000
 0.183870   -0.159236   -0.091935    0.000000
 0.318471   -0.159236   -0.275804    0.000000
 0.318471    0.159236   -0.275804    0.000000
 0.183870    0.159236   -0.091935    0.000000
 0.318471   -0.318471    0.000000    0.000000
 0.318471    0.318471    0.000000    0.000000
 0.183870   -0.159236    0.091935    0.000000
 0.318471   -0.159236    0.275804    0.000000
 0.318471    0.159236    0.275804    0.000000
 0.183870    0.159236    0.091935    0.000000
 0.183870   -0.000000    0.183870    0.000000
 0.183870    0.000000   -0.183870    0.000000
 0.183870   -0.159236   -0.091935    0.000000
 0.318471   -0.159236   -0.275804    0.000000
 0.318471    0.159236   -0.275804    0.000000
 0.183870    0.159236   -0.091935    0.000000
 0.318471   -0.318471    0.000000    0.000000
 0.318471    0.318471    0.000000    0.000000
 0.183870    0.159236    0.091935    0.000000
 0.183870   -0.159236    0.091935    0.000000
 0.318471   -0.159236    0.275804    0.000000
 0.318471    0.159236    0.275804    0.000000
 0.183870   -0.000000    0.183870    0.000000
 0.183870    0.000000   -0.183870    0.000000
 0.183870    0.159236   -0.091935    0.000000
 0.183870   -0.159236   -0.091935    0.000000
 0.318471   -0.159236   -0.275804    0.000000
 0.318471    0.159236   -0.275804    0.000000
 0.318471    0.318471    0.000000    0.000000
 0.318471   -0.318471    0.000000    0.000000
 0.318471    0.159236    0.275804    0.000000
 0.183870    0.159236    0.091935    0.000000
 0.183870   -0.159236    0.091935    0.000000
 0.318471   -0.159236    0.275804    0.000000
 0.183870   -0.000000    0.183870    0.000000
 0.183870    0.000000    0.183870    0.000000
 0.183870    0.000000   -0.183870    0.000000
 0.318471    0.159236   -0.275804    0.000000
 0.183870    0.159236   -0.091935    0.000000
 0.183870   -0.159236   -0.091935    0.000000
 0.318471   -0.159236   -0.275804    0.000000
 0.318471    0.318471    0.000000    0.000000
 0.318471   -0.318471    0.000000    0.000000
 0.318471   -0.159236    0.275804    0.000000
 0.318471    0.159236    0.275804    0.000000
 0.183870    0.159236    0.091935    0.000000
 0.183870   -0.159236    0.091935    0.000000
 0.183870    0.000000    0.183870    0.000000
 0.183870    0.000000   -0.183870    0.000000
 0.318471   -0.159236   -0.275804    0.000000
 0.318471    0.159236   -0.275804    0.000000
 0.183870    0.159236   -0.091935    0.000000
 0.183870   -0.159236   -0.091935    0.000000
 0.318471   -0.318471    0.000000    0.000000
 0.318471    0.318471    0.000000    0.000000
 0.183870   -0.159236    0.091935    0.000000
 0.318471   -0.159236    0.275804    0.000000
 0.318471    0.159236    0.275804    0.000000
 0.183870    0.159236    0.091935    0.000000
 0.183870    0.000000    0.183870    0.000000
 0.183870    0.000000   -0.183870    0.000000
 0.183870   -0.159236   -0.091935    0.000000
 0.318471   -0.159236   -0.275804    0.000000
 0.318471    0.159236   -0.275804    0.000000
 0.183870    0.159236   -0.091935    0.000000
 0.318471   -0.318471    0.000000    0.000000
 0.318471    0.318471    0.000000    0.000000
 0.183870   -0.159236    0.091935    0.000000
 0.318471   -0.159236    0.275804    0.000000
 0.318471    0.159236    0.275804    0.000000
 0.183870    0.159236    0.091935    0.000000
 0.183870    0.000000    0.183870    0.000000
 0.183870    0.000000   -0.183870    0.000000
 0.183870   -0.159236   -0.091935    0.000000
 0.318471   -0.159236   -0.275804    0.000000
 0.318471    0.159236   -0.275804    0.000000
 0.183870    0.159236   -0.091935    0.000000
 0.318471   -0.318471    0.000000    0.000000
 0.318471    0.318471    0.000000    0.000000
 0.183870   -0.159236    0.091935    0.000000
 0.318471   -0.159236    0.275804    0.000000
 0.318471    0.159236    0.275804    0.000000
 0.183870    0.159236    0.091935    0.000000
 0.183870    0.000000    0.183870    0.000000
 0.183870    0.000000   -0.183870    0.000000
 0.183870   -0.159236   -0.091935    0.000000
 0.318471   -0.159236   -0.275804    0.000000
 0.318471    0.159236   -0.275804    0.000000
 0.183870    0.159236   -0.091935    0.000000
 0.318471   -0.318471    0.000000    0.000000
 0.318471    0.318471    0.000000    0.000000
 0.183870    0.159236    0.091935    0.000000
 0.183870   -0.159236    0.091935    0.000000
 0.318471   -0.159236    0.275804    0.000000
 0.318471    0.159236    0.275804    0.000000
 0.183870    0.000000    0.183870    0.000000
 0.183870    0.000000   -0.183870    0.000000
 0.183870    0.159236   -0.091935    0.000000
 0.183870   -0.159236   -0.091935    0.000000
 0.318471   -0.159236   -0.275804    0.000000
 0.318471    0.159236   -0.275804    0.000000
 0.318471    0.318471    0.000000    0.000000
 0.318471   -0.318471    0.000000    0.000000
 0.318471    0.159236    0.275804    0.000000
 0.183870    0.159236    0.091935    0.000000
 0.183870   -0.159236    0.091935    0.000000
 0.318471   -0.159236    0.275804    0.000000
 0.318471   -0.159236    0.275804    0.000000
 0.318471    0.159236    0.275804    0.000000
 0.183870    0.159236    0.091935    0.000000
 0.183870   -0.159236    0.091935    0.000000
 0.183870    0.000000    0.183870    0.000000
 0.183870    0.000000   -0.183870    0.000000
 0.318471    0.159236   -0.275804    0.000000
 0.183870    0.159236   -0.091935    0.000000
 0.183870   -0.159236   -0.091935    0.000000
 0.318471   -0.159236   -0.275804    0.000000
 0.318471    0.318471    0.000000    0.000000
 0.318471   -0.318471    0.000000    0.000000
 0.183870   -0.159236    0.091935    0.000000
 0.318471   -0.159236    0.275804    0.000000
 0.318471    0.159236    0.275804    0.000000
 0.183870    0.159236    0.091935    0.000000
 0.183870    0.000000    0.183870    0.000000
 0.183870    0.000000   -0.183870    0.000000
 0.318471   -0.159236   -0.275804    0.000000
 0.318471    0.159236   -0.275804    0.000000
 0.183870    0.159236   -0.091935    0.000000
 0.183870   -0.159236   -0.091935    0.000000
 0.318471   -0.318471    0.000000    0.000000
 0.318471    0.318471    0.000000    0.000000
 0.183870   -0.159236    0.091935    0.000000
 0.318471   -0.159236    0.275804    0.000000
 0.318471    0.159236    0.275804    0.000000
 0.183870    0.159236    0.091935    0.000000
 0.183870    0.000000    0.183870    0.000000
 0.183870    0.000000   -0.183870    0.000000
 0.183870   -0.159236   -0.091935    0.000000
 0.318471   -0.159236   -0.275804    0.000000
 0.318471    0.159236   -0.275804    0.000000
 0.183870    0.159236   -0.091935    0.000000
 0.318471   -0.318471    0.000000    0.000000
 0.318471    0.318471    0.000000    0.000000
 0.183870   -0.159236    0.091935    0.000000
 0.318471   -0.159236    0.275804    0.000000
 0.318471    0.159236    0.275804    0.000000
 0.183870    0.159236    0.091935    0.000000
 0.183870    0.000000    0.183870    0.000000
 0.183870    0.000000   -0.183870    0.000000
 0.183870   -0.159236   -0.091935    0.000000
 0.318471   -0.159236   -0.275804    0.000000
 0.318471    0.159236   -0.275804    0.000000
 0.183870    0.159236   -0.091935    0.000000
 0.318471   -0.318471    0.000000    0.000000
 0.318471    0.318471    0.000000    0.000000
 0.183870    0.159236    0.091935    0.000000
 0.183870   -0.159236    0.091935    0.000000
 0.318471   -0.159236    0.275804    0.000000
 0.318471    0.159236    0.275804    0.000000
 0.183870    0.000000    0.183870    0.000000
 0.183870    0.000000   -0.183870    0.000000
 0.183870   -0.159236   -0.091935    0.000000
 0.318471   -0.159236   -0.275804    0.000000
 0.318471    0.159236   -0.275804    0.000000
 0.183870    0.159236   -0.091935    0.000000
 0.318471   -0.318471    0.000000    0.000000
 0.318471    0.318471    0.000000    0.000000
 0.318471    0.159236    0.275804    0.000000
 0.183870    0.159236    0.091935    0.000000
 0.183870   -0.159236    0.091935    0.000000
 0.318471   -0.159236    0.275804    0.000000
 0.183870    0.000000    0.183870    0.000000
 0.183870    0.000000   -0.183870    0.000000
 0.183870    0.159236   -0.091935    0.000000
 0.183870   -0.159236   -0.091935    0.000000
 0.318471   -0.159236   -0.275804    0.000000
 0.318471    0.159236   -0.275804    0.000000
 0.318471    0.318471    0.000000    0.000000
 0.318471   -0.318471    0.000000    0.000000
 0.295529    0.291932    0.045967    0.000000
 0.170624   -0.159236    0.061290    0.000000
 0.295529   -0.185775    0.229837    0.000000
 0.295529    0.106157    0.275804    0.000000
 0.170624    0.132696    0.107257    0.000000
 0.170624   -0.026539    0.168547    0.000000
 0.170624    0.026539   -0.168547    0.000000
 0.170624   -0.132696   -0.107257    0.000000
 0.295529   -0.106157   -0.275804    0.000000
 0.295529    0.185775   -0.229837    0.000000
 0.170624    0.159236   -0.061290    0.000000
 0.295529   -0.291932   -0.045967    0.000000
 0.295529   -0.291932   -0.045967    0.000000
 0.295529    0.291932    0.045967    0.000000
 0.170624   -0.159236    0.061290    0.000000
 0.295529   -0.185775    0.229837    0.000000
 0.295529    0.106157    0.275804    0.000000
 0.170624    0.132696    0.107257    0.000000
 0.170624   -0.026539    0.168547    0.000000
 0.170624    0.026539   -0.168547    0.000000
 0.170624   -0.132696   -0.107257    0.000000
 0.295529   -0.106157   -0.275804    0.000000
 0.295529    0.185775   -0.229837    0.000000
 0.170624    0.159236   -0.061290    0.000000
 0.295529   -0.291932   -0.045967    0.000000
 0.295529    0.291932    0.045967    0.000000
 0.170624   -0.159236    0.061290    0.000000
 0.295529   -0.185775    0.229837    0.000000
 0.295529    0.106157    0.275804    0.000000
 0.170624    0.132696    0.107257    0.000000
 0.170624   -0.026539    0.168547    0.000000
 0.170624    0.026539   -0.168547    0.000000
 0.170624   -0.132696   -0.107257    0.000000
 0.295529   -0.106157   -0.275804    0.000000
 0.295529    0.185775   -0.229837    0.000000
 0.170624    0.159236   -0.061290    0.000000
 0.295529   -0.291932   -0.045967    0.000000
 0.295529    0.291932    0.045967    0.000000
 0.170624   -0.159236    0.061290    0.000000
 0.295529   -0.185775    0.229837    0.000000
 0.295529    0.106157    0.275804    0.000000
 0.170624    0.132696    0.107257    0.000000
 0.170624   -0.026539    0.168547    0.000000
 0.170624    0.026539   -0.168547    0.000000
 0.170624   -0.132696   -0.107257    0.000000
 0.295529   -0.106157   -0.275804    0.000000
 0.295529    0.185775   -0.229837    0.000000
 0.170624    0.159236   -0.061290    0.000000
 0.170624    0.159236   -0.061290    0.000000
 0.295529   -0.291932   -0.045967    0.000000
 0.295529    0.291932    0.045967    0.000000
 0.170624   -0.159236    0.061290    0.000000
 0.295529   -0.185775    0.229837    0.000000
 0.295529    0.106157    0.275804    0.000000
 0.170624    0.132696    0.107257    0.000000
 0.170624   -0.026539    0.168547    0.000000
 0.170624    0.026539   -0.168547    0.000000
 0.170624   -0.132696   -0.107257    0.000000
 0.295529   -0.106157   -0.275804    0.000000
 0.295529    0.185775   -0.229837    0.000000
 0.295529    0.185775   -0.229837    0.000000
 0.170624    0.159236   -0.061290    0.000000
 0.295529   -0.291932   -0.045967    0.000000
 0.295529    0.291932    0.045967    0.000000
 0.170624   -0.159236    0.061290    0.000000
 0.295529   -0.185775    0.229837    0.000000
 0.295529    0.106157    0.275804    0.000000
 0.170624    0.132696    0.107257    0.000000
 0.170624   -0.026539    0.168547    0.000000
 0.170624    0.026539   -0.168547    0.000000
 0.170624   -0.132696   -0.107257    0.000000
 0.295529   -0.106157   -0.275804    0.000000
 0.295529   -0.106157   -0.275804    0.000000
 0.295529    0.185775   -0.229837    0.000000
 0.170624    0.159236   -0.061290    0.000000
 0.295529   -0.291932   -0.045967    0.000000
 0.295529    0.291932    0.045967    0.000000
 0.170624   -0.159236    0.061290    0.000000
 0.295529   -0.185775    0.229837    0.000000
 0.295529    0.106157    0.275804    0.000000
 0.170624    0.132696    0.107257    0.000000
 0.170624   -0.026539    0.168547    0.000000
 0.170624    0.026539   -0.168547    0.000000
 0.170624   -0.132696   -0.107257    0.000000
 0.170624   -0.132696   -0.107257    0.000000
 0.295529   -0.106157   -0.275804    0.000000
 0.295529    0.185775   -0.229837    0.000000
 0.170624    0.159236   -0.061290    0.000000
 0.295529   -0.291932   -0.045967    0.000000
 0.295529    0.291932    0.045967    0.000000
 0.170624   -0.159236    0.061290    0.000000
 0.295529   -0.185775    0.229837    0.000000
 0.295529    0.106157    0.275804    0.000000
 0.170624    0.132696    0.107257    0.000000
 0.170624   -0.026539    0.168547    0.000000
 0.170624    0.026539   -0.168547    0.000000
 0.170624   -0.132696   -0.107257    0.000000
 0.295529   -0.106157   -0.275804    0.000000
 0.295529    0.185775   -0.229837    0.000000
 0.170624    0.159236   -0.061290    0.000000
 0.295529   -0.291932   -0.045967    0.000000
 0.295529    0.291932    0.045967    0.000000
 0.170624   -0.159236    0.061290    0.000000
 0.295529   -0.185775    0.229837    0.000000
 0.295529    0.106157    0.275804    0.000000
 0.170624    0.132696    0.107257    0.000000
 0.170624   -0.026539    0.168547    0.000000
 0.170624    0.026539   -0.168547    0.000000
 0.170624   -0.132696   -0.107257    0.000000
 0.295529   -0.106157   -0.275804    0.000000
 0.295529    0.185775   -0.229837    0.000000
 0.170624    0.159236   -0.061290    0.000000
 0.295529   -0.291932   -0.045967    0.000000
 0.295529    0.291932    0.045967    0.000000
 0.170624   -0.159236    0.061290    0.000000
 0.295529   -0.185775    0.229837    0.000000
 0.295529    0.106157    0.275804    0.000000
 0.170624    0.132696    0.107257    0.000000
 0.170624   -0.026539    0.168547    0.000000
 0.170624    0.026539   -0.168547    0.000000
 0.170624   -0.132696   -0.107257    0.000000
 0.295529   -0.106157   -0.275804    0.000000
 0.295529    0.185775   -0.229837    0.000000
 0.170624    0.159236   -0.061290    0.000000
 0.295529   -0.291932   -0.045967    0.000000
 0.295529    0.291932    0.045967    0.000000
 0.170624   -0.159236    0.061290    0.000000
 0.295529   -0.185775    0.229837    0.000000
 0.295529    0.106157    0.275804    0.000000
 0.170624    0.132696    0.107257    0.000000
 0.170624   -0.026539    0.168547    0.000000
 0.170624    0.026539   -0.168547    0.000000
 0.170624    0.026539   -0.168547    0.000000
 0.170624   -0.132696   -0.107257    0.000000
 0.295529   -0.106157   -0.275804    0.000000
 0.295529    0.185775   -0.229837    0.000000
 0.170624    0.159236   -0.061290    0.000000
 0.295529   -0.291932   -0.045967    0.000000
 0.295529    0.291932    0.045967    0.000000
 0.170624   -0.159236    0.061290    0.000000
 0.295529   -0.185775    0.229837    0.000000
 0.295529    0.106157    0.275804    0.000000
 0.170624    0.132696    0.107257    0.000000
 0.170624   -0.026539    0.168547    0.000000
 0.170624    0.026539   -0.168547    0.000000
 0.170624   -0.132696   -0.107257    0.000000
 0.295529   -0.106157   -0.275804    0.000000
 0.295529    0.185775   -0.229837    0.000000
 0.170624    0.159236   -0.061290    0.000000
 0.295529   -0.291932   -0.045967    0.000000
 0.295529    0.291932    0.045967    0.000000
 0.170624   -0.159236    0.061290    0.000000
 0.295529   -0.185775    0.229837    0.000000
 0.295529    0.106157    0.275804    0.000000
 0.170624    0.132696    0.107257    0.000000
 0.170624   -0.026539    0.168547    0.000000
 0.170624    0.026539   -0.168547    0.000000
 0.170624   -0.132696   -0.107257    0.000000
 0.295529   -0.106157   -0.275804    0.000000
 0.295529    0.185775   -0.229837    0.000000
 0.170624    0.159236   -0.061290    0.000000
 0.295529   -0.291932   -0.045967    0.000000
 0.295529    0.291932    0.045967    0.000000
 0.170624   -0.159236    0.061290    0.000000
 0.295529   -0.185775    0.229837    0.000000
 0.295529    0.106157    0.275804    0.000000
 0.170624    0.132696    0.107257    0.000000
 0.170624   -0.026539    0.168547    0.000000
 0.170624    0.026539   -0.168547    0.000000
 0.170624   -0.132696   -0.107257    0.000000
 0.295529   -0.106157   -0.275804    0.000000
 0.295529    0.185775   -0.229837    0.000000
 0.170624    0.159236   -0.061290    0.000000
 0.295529   -0.291932   -0.045967    0.000000
 0.295529    0.291932    0.045967    0.000000
 0.170624   -0.159236    0.061290    0.000000
 0.295529   -0.185775    0.229837    0.000000
 0.295529    0.106157    0.275804    0.000000
 0.170624    0.132696    0.107257    0.000000
 0.170624   -0.026539    0.168547    0.000000
 0.170624    0.026539   -0.168547    0.000000
 0.170624   -0.132696   -0.107257    0.000000
 0.295529   -0.106157   -0.275804    0.000000
 0.295529    0.185775   -0.229837    0.000000
 0.170624    0.159236   -0.061290    0.000000
 0.295529   -0.291932   -0.045967    0.000000
 0.295529    0.291932    0.045967    0.000000
 0.170624   -0.159236    0.061290    0.000000
 0.295529   -0.185775    0.229837    0.000000
 0.295529    0.106157    0.275804    0.000000
 0.170624    0.132696    0.107257    0.000000
 0.170624   -0.026539    0.168547    0.000000
 0.170624    0.026539   -0.168547    0.000000
 0.170624   -0.132696   -0.107257    0.000000
 0.295529   -0.106157   -0.275804    0.000000
 0.295529    0.185775   -0.229837    0.000000
 0.170624    0.159236   -0.061290    0.000000
 0.295529   -0.291932   -0.045967    0.000000
 0.295529    0.291932    0.045967    0.000000
 0.170624   -0.159236    0.061290    0.000000
 0.295529   -0.185775    0.229837    0.000000
 0.295529    0.106157    0.275804    0.000000
 0.170624    0.132696    0.107257    0.000000
 0.170624   -0.026539    0.168547    0.000000
 0.170624    0.026539   -0.168547    0.000000
 0.170624   -0.132696   -0.107257    0.000000
 0.295529   -0.106157   -0.275804    0.000000
 0.295529    0.185775   -0.229837    0.000000
 0.170624    0.159236   -0.061290    0.000000
 0.295529   -0.291932   -0.045967    0.000000
 0.295529    0.291932    0.045967    0.000000
 0.170624   -0.159236    0.061290    0.000000
 0.295529   -0.185775    0.229837    0.000000
 0.295529    0.106157    0.275804    0.000000
 0.170624    0.132696    0.107257    0.000000
 0.170624   -0.026539    0.168547    0.000000
 0.170624    0.026539   -0.168547    0.000000
 0.170624   -0.132696   -0.107257    0.000000
 0.295529   -0.106157   -0.275804    0.000000
 0.295529    0.185775   -0.229837    0.000000
 0.170624    0.159236   -0.061290    0.000000
 0.295529   -0.291932   -0.045967    0.000000
 0.295529    0.291932    0.045967    0.000000
 0.170624   -0.159236    0.061290    0.000000
 0.295529   -0.185775    0.229837    0.000000
 0.295529    0.106157    0.275804    0.000000
 0.170624    0.132696    0.107257    0.000000
 0.170624   -0.026539    0.168547    0.000000
 0.170624    0.026539   -0.168547    0.000000
 0.170624   -0.132696   -0.107257    0.000000
 0.295529   -0.106157   -0.275804    0.000000
 0.295529    0.185775   -0.229837    0.000000
 0.170624    0.159236   -0.061290    0.000000
 0.295529   -0.291932   -0.045967    0.000000
 0.295529    0.291932    0.045967    0.000000
 0.170624   -0.159236    0.061290    0.000000
 0.295529   -0.185775    0.229837    0.000000
 0.295529    0.106157    0.275804    0.000000
 0.170624    0.132696    0.107257    0.000000
 0.170624   -0.026539    0.168547    0.000000
 0.170624   -0.026539    0.168547    0.000000
 0.170624    0.026539   -0.168547    0.000000
 0.170624   -0.132696   -0.107257    0.000000
 0.295529   -0.106157   -0.275804    0.000000
 0.295529    0.185775   -0.229837    0.000000
 0.170624    0.159236   -0.061290    0.000000
 0.295529   -0.291932   -0.045967    0.000000
 0.295529    0.291932    0.045967    0.000000
 0.170624   -0.159236    0.061290    0.000000
 0.295529   -0.185775    0.229837    0.000000
 0.295529    0.106157    0.275804    0.000000
 0.170624    0.132696    0.107257    0.000000
 0.170624   -0.026539    0.168547    0.000000
 0.170624    0.026539   -0.168547    0.000000
 0.170624   -0.132696   -0.107257    0.000000
 0.295529   -0.106157   -0.275804    0.000000
 0.295529    0.185775   -0.229837    0.000000
 0.170624    0.159236   -0.061290    0.000000
 0.295529   -0.291932   -0.045967    0.000000
 0.295529    0.291932    0.045967    0.000000
 0.170624   -0.159236    0.061290    0.000000
 0.295529   -0.185775    0.229837    0.000000
 0.295529    0.106157    0.275804    0.000000
 0.170624    0.132696    0.107257    0.000000
 0.170624   -0.026539    0.168547    0.000000
 0.170624    0.026539   -0.168547    0.000000
 0.170624   -0.132696   -0.107257    0.000000
 0.295529   -0.106157   -0.275804    0.000000
 0.295529    0.185775   -0.229837    0.000000
 0.170624    0.159236   -0.061290    0.000000
 0.295529   -0.291932   -0.045967    0.000000
 0.295529    0.291932    0.045967    0.000000
 0.170624   -0.159236    0.061290    0.000000
 0.295529   -0.185775    0.229837    0.000000
 0.295529    0.106157    0.275804    0.000000
 0.170624    0.132696    0.107257    0.000000
 0.170624   -0.026539    0.168547    0.000000
 0.170624    0.026539   -0.168547    0.000000
 0.170624   -0.132696   -0.107257    0.000000
 0.295529   -0.106157   -0.275804    0.000000
 0.295529    0.185775   -0.229837    0.000000
 0.170624    0.159236   -0.061290    0.000000
 0.295529   -0.291932   -0.045967    0.000000
 0.295529    0.291932    0.045967    0.000000
 0.170624   -0.159236    0.061290    0.000000
 0.295529   -0.185775    0.229837    0.000000
 0.295529    0.106157    0.275804    0.000000
 0.170624    0.132696    0.107257    0.000000
 0.170624    0.132696    0.107257    0.000000
 0.170624   -0.026539    0.168547    0.000000
 0.170624    0.026539   -0.168547    0.000000
 0.170624   -0.132696   -0.107257    0.000000
 0.295529   -0.106157   -0.275804    0.000000
 0.295529    0.185775   -0.229837    0.000000
 0.170624    0.159236   -0.061290    0.000000
 0.295529   -0.291932   -0.045967    0.000000
 0.295529    0.291932    0.045967    0.000000
 0.170624   -0.159236    0.061290    0.000000
 0.295529   -0.185775    0.229837    0.000000
 0.295529    0.106157    0.275804    0.000000
 0.295529    0.106157    0.275804    0.000000
 0.170624    0.132696    0.107257    0.000000
 0.170624   -0.026539    0.168547    0.000000
 0.170624    0.026539   -0.168547    0.000000
 0.170624   -0.132696   -0.107257    0.000000
 0.295529   -0.106157   -0.275804    0.000000
 0.295529    0.185775   -0.229837    0.000000
 0.170624    0.159236   -0.061290    0.000000
 0.295529   -0.291932   -0.045967    0.000000
 0.295529    0.291932    0.045967    0.000000
 0.170624   -0.159236    0.061290    0.000000
 0.295529   -0.185775    0.229837    0.000000
 0.295529   -0.185775    0.229837    0.000000
 0.295529    0.106157    0.275804    0.000000
 0.170624    0.132696    0.107257    0.000000
 0.170624   -0.026539    0.168547    0.000000
 0.170624    0.026539   -0.168547    0.000000
 0.170624   -0.132696   -0.107257    0.000000
 0.295529   -0.106157   -0.275804    0.000000
 0.295529    0.185775   -0.229837    0.000000
 0.170624    0.159236   -0.061290    0.000000
 0.295529   -0.291932   -0.045967    0.000000
 0.295529    0.291932    0.045967    0.000000
 0.170624   -0.159236    0.061290    0.000000
 0.170624   -0.159236    0.061290    0.000000
 0.295529   -0.185775    0.229837    0.000000
 0.295529    0.106157    0.275804    0.000000
 0.170624    0.132696    0.107257    0.000000
 0.170624   -0.026539    0.168547    0.000000
 0.170624    0.026539   -0.168547    0.000000
 0.170624   -0.132696   -0.107257    0.000000
 0.295529   -0.106157   -0.275804    0.000000
 0.295529    0.185775   -0.229837    0.000000
 0.170624    0.159236   -0.061290    0.000000
 0.295529   -0.291932   -0.045967    0.000000
 0.295529    0.291932    0.045967    0.000000
 0.170624   -0.159236    0.061290    0.000000
 0.295529   -0.185775    0.229837    0.000000
 0.295529    0.106157    0.275804    0.000000
 0.170624    0.132696    0.107257    0.000000
 0.170624   -0.026539    0.168547    0.000000
 0.170624    0.026539   -0.168547    0.000000
 0.170624   -0.132696   -0.107257    0.000000
 0.295529   -0.106157   -0.275804    0.000000
 0.295529    0.185775   -0.229837    0.000000
 0.170624    0.159236   -0.061290    0.000000
 0.295529   -0.291932   -0.045967    0.000000
 0.295529    0.291932    0.045967    0.000000
 0.170624   -0.159236    0.061290    0.000000
 0.295529   -0.185775    0.229837    0.000000
 0.295529    0.106157    0.275804    0.000000
 0.170624    0.132696    0.107257    0.000000
 0.170624   -0.026539    0.168547    0.000000
 0.170624    0.026539   -0.168547    0.000000
 0.170624   -0.132696   -0.107257    0.000000
 0.295529   -0.106157   -0.275804    0.000000
 0.295529    0.185775   -0.229837    0.000000
 0.170624    0.159236   -0.061290    0.000000
 0.295529   -0.291932   -0.045967    0.000000
 0.295529    0.291932    0.045967    0.000000
 0.295529    0.291932    0.045967    0.000000
 0.170624   -0.159236    0.061290    0.000000
 0.295529   -0.185775    0.229837    0.000000
 0.295529    0.106157    0.275804    0.000000
 0.170624    0.132696    0.107257    0.000000
 0.170624   -0.026539    0.168547    0.000000
 0.170624    0.026539   -0.168547    0.000000
 0.170624   -0.132696   -0.107257    0.000000
 0.295529   -0.106157   -0.275804    0.000000
 0.295529    0.185775   -0.229837    0.000000
 0.170624    0.159236   -0.061290    0.000000
 0.295529   -0.291932   -0.045967    0.000000
