-0.021400   0.000000
-0.003083   0.000000
 0.053194   0.000000
-0.021400   0.000000
-0.003083   0.000000
 0.053194   0.000000
-0.021400   0.000000
-0.003083   0.000000
 0.053194   0.000000
-0.021400   0.000000
-0.003083   0.000000
 0.053194   0.000000
-0.021400   0.000000
-0.003083   0.000000
 0.053194   0.000000
-0.021400   0.000000
-0.003083   0.000000
 0.053194   0.000000
-0.021400   0.000000
-0.003083   0.000000
 0.053194   0.000000
-0.021400   0.000000
-0.003083   0.000000
 0.053194   0.000000
-0.021400   0.000000
-0.003083   0.000000
 0.053194   0.000000
-0.021400   0.000000
-0.003083   0.000000
 0.053194   0.000000
-0.021400   0.000000
-0.003083   0.000000
 0.053194   0.000000
-0.021400   0.000000
-0.003083   0.000000
 0.053194   0.000000
-0.013969   0.000000
 0.029635   0.000000
 0.009549   0.000000
-0.013969   0.000000
 0.029635   0.000000
 0.009549   0.000000
-0.013969   0.000000
 0.029635   0.000000
 0.009549   0.000000
-0.013969   0.000000
 0.029635   0.000000
 0.009549   0.000000
-0.013969   0.000000
 0.029635   0.000000
 0.009549   0.000000
-0.013969   0.000000
 0.029635   0.000000
 0.009549   0.000000
-0.013969   0.000000
 0.029635   0.000000
 0.009549   0.000000
-0.013969   0.000000
 0.029635   0.000000
 0.009549   0.000000
-0.013969   0.000000
 0.029635   0.000000
 0.009549   0.000000
-0.013969   0.000000
 0.029635   0.000000
 0.009549   0.000000
-0.013969   0.000000
 0.029635   0.000000
 0.009549   0.000000
-0.013969   0.000000
 0.029635   0.000000
 0.009549   0.000000
-0.009114   0.000000
 0.018247   0.000000
-0.048097   0.000000
-0.009114   0.000000
 0.018247   0.000000
-0.048097   0.000000
-0.009114   0.000000
 0.018247   0.000000
-0.048097   0.000000
-0.009114   0.000000
 0.018247   0.000000
-0.048097   0.000000
-0.009114   0.000000
 0.018247   0.000000
-0.048097   0.000000
-0.009114   0.000000
 0.018247   0.000000
-0.048097   0.000000
-0.009114   0.000000
 0.018247   0.000000
-0.048097   0.000000
-0.009114   0.000000
 0.018247   0.000000
-0.048097   0.000000
-0.009114   0.000000
 0.018247   0.000000
-0.048097   0.000000
-0.009114   0.000000
 0.018247   0.000000
-0.048097   0.000000
-0.009114   0.000000
 0.018247   0.000000
-0.048097   0.000000
-0.009114   0.000000
 0.018247   0.000000
-0.048097   0.000000
-0.026093   0.000000
-0.002654   0.000000
-0.088534   0.000000
-0.026093   0.000000
-0.002654   0.000000
-0.088534   0.000000
-0.026093   0.000000
-0.002654   0.000000
-0.088534   0.000000
-0.026093   0.000000
-0.002654   0.000000
-0.088534   0.000000
-0.026093   0.000000
-0.002654   0.000000
-0.088534   0.000000
-0.026093   0.000000
-0.002654   0.000000
-0.088534   0.000000
-0.026093   0.000000
-0.002654   0.000000
-0.088534   0.000000
-0.026093   0.000000
-0.002654   0.000000
-0.088534   0.000000
-0.026093   0.000000
-0.002654   0.000000
-0.088534   0.000000
-0.026093   0.000000
-0.002654   0.000000
-0.088534   0.000000
-0.026093   0.000000
-0.002654   0.000000
-0.088534   0.000000
-0.026093   0.000000
-0.002654   0.000000
-0.088534   0.000000
-0.045901   0.000000
-0.040436   0.000000
-0.065337   0.000000
-0.045901   0.000000
-0.040436   0.000000
-0.065337   0.000000
-0.045901   0.000000
-0.040436   0.000000
-0.065337   0.000000
-0.045901   0.000000
-0.040436   0.000000
-0.065337   0.000000
-0.045901   0.000000
-0.040436   0.000000
-0.065337   0.000000
-0.045901   0.000000
-0.040436   0.000000
-0.065337   0.000000
-0.045901   0.000000
-0.040436   0.000000
-0.065337   0.000000
-0.045901   0.000000
-0.040436   0.000000
-0.065337   0.000000
-0.045901   0.000000
-0.040436   0.000000
-0.065337   0.000000
-0.045901   0.000000
-0.040436   0.000000
-0.065337   0.000000
-0.045901   0.000000
-0.040436   0.000000
-0.065337   0.000000
-0.045901   0.000000
-0.040436   0.000000
-0.065337   0.000000
-0.033673   0.000000
-0.028661   0.000000
-0.008521   0.000000
-0.033673   0.000000
-0.028661   0.000000
-0.008521   0.000000
-0.033673   0.000000
-0.028661   0.000000
-0.008521   0.000000
-0.033673   0.000000
-0.028661   0.000000
-0.008521   0.000000
-0.033673   0.000000
-0.028661   0.000000
-0.008521   0.000000
-0.033673   0.000000
-0.028661   0.000000
-0.008521   0.000000
-0.033673   0.000000
-0.028661   0.000000
-0.008521   0.000000
-0.033673   0.000000
-0.028661   0.000000
-0.008521   0.000000
-0.033673   0.000000
-0.028661   0.000000
-0.008521   0.000000
-0.033673   0.000000
-0.028661   0.000000
-0.008521   0.000000
-0.033673   0.000000
-0.028661   0.000000
-0.008521   0.000000
-0.033673   0.000000
-0.028661   0.000000
-0.008521   0.000000
-0.026910   0.000000
-0.027145   0.000000
 0.023793   0.000000
-0.026910   0.000000
-0.027145   0.000000
 0.023793   0.000000
-0.026910   0.000000
-0.027145   0.000000
 0.023793   0.000000
-0.026910   0.000000
-0.027145   0.000000
 0.023793   0.000000
-0.026910   0.000000
-0.027145   0.000000
 0.023793   0.000000
-0.026910   0.000000
-0.027145   0.000000
 0.023793   0.000000
-0.026910   0.000000
-0.027145   0.000000
 0.023793   0.000000
-0.026910   0.000000
-0.027145   0.000000
 0.023793   0.000000
-0.026910   0.000000
-0.027145   0.000000
 0.023793   0.000000
-0.026910   0.000000
-0.027145   0.000000
 0.023793   0.000000
-0.026910   0.000000
-0.027145   0.000000
 0.023793   0.000000
-0.026910   0.000000
-0.027145   0.000000
 0.023793   0.000000
-0.010963   0.000000
 0.017729   0.000000
 0.031990   0.000000
-0.010963   0.000000
 0.017729   0.000000
 0.031990   0.000000
-0.010963   0.000000
 0.017729   0.000000
 0.031990   0.000000
-0.010963   0.000000
 0.017729   0.000000
 0.031990   0.000000
-0.010963   0.000000
 0.017729   0.000000
 0.031990   0.000000
-0.010963   0.000000
 0.017729   0.000000
 0.031990   0.000000
-0.010963   0.000000
 0.017729   0.000000
 0.031990   0.000000
-0.010963   0.000000
 0.017729   0.000000
 0.031990   0.000000
-0.010963   0.000000
 0.017729   0.000000
 0.031990   0.000000
-0.010963   0.000000
 0.017729   0.000000
 0.031990   0.000000
-0.010963   0.000000
 0.017729   0.000000
 0.031990   0.000000
-0.010963   0.000000
 0.017729   0.000000
 0.031990   0.000000
-0.006824   0.000000
 0.028342   0.000000
-0.042090   0.000000
-0.006824   0.000000
 0.028342   0.000000
-0.042090   0.000000
-0.006824   0.000000
 0.028342   0.000000
-0.042090   0.000000
-0.006824   0.000000
 0.028342   0.000000
-0.042090   0.000000
-0.006824   0.000000
 0.028342   0.000000
-0.042090   0.000000
-0.006824   0.000000
 0.028342   0.000000
-0.042090   0.000000
-0.006824   0.000000
 0.028342   0.000000
-0.042090   0.000000
-0.006824   0.000000
 0.028342   0.000000
-0.042090   0.000000
-0.006824   0.000000
 0.028342   0.000000
-0.042090   0.000000
-0.006824   0.000000
 0.028342   0.000000
-0.042090   0.000000
-0.006824   0.000000
 0.028342   0.000000
-0.042090   0.000000
-0.006824   0.000000
 0.028342   0.000000
-0.042090   0.000000
-0.003883   0.000000
 0.012192   0.000000
-0.136289   0.000000
-0.003883   0.000000
 0.012192   0.000000
-0.136289   0.000000
-0.003883   0.000000
 0.012192   0.000000
-0.136289   0.000000
-0.003883   0.000000
 0.012192   0.000000
-0.136289   0.000000
-0.003883   0.000000
 0.012192   0.000000
-0.136289   0.000000
-0.003883   0.000000
 0.012192   0.000000
-0.136289   0.000000
-0.003883   0.000000
 0.012192   0.000000
-0.136289   0.000000
-0.003883   0.000000
 0.012192   0.000000
-0.136289   0.000000
-0.003883   0.000000
 0.012192   0.000000
-0.136289   0.000000
-0.003883   0.000000
 0.012192   0.000000
-0.136289   0.000000
-0.003883   0.000000
 0.012192   0.000000
-0.136289   0.000000
-0.003883   0.000000
 0.012192   0.000000
-0.136289   0.000000
-0.010662   0.000000
-0.040945   0.000000
-0.135137   0.000000
-0.010662   0.000000
-0.040945   0.000000
-0.135137   0.000000
-0.010662   0.000000
-0.040945   0.000000
-0.135137   0.000000
-0.010662   0.000000
-0.040945   0.000000
-0.135137   0.000000
-0.010662   0.000000
-0.040945   0.000000
-0.135137   0.000000
-0.010662   0.000000
-0.040945   0.000000
-0.135137   0.000000
-0.010662   0.000000
-0.040945   0.000000
-0.135137   0.000000
-0.010662   0.000000
-0.040945   0.000000
-0.135137   0.000000
-0.010662   0.000000
-0.040945   0.000000
-0.135137   0.000000
-0.010662   0.000000
-0.040945   0.000000
-0.135137   0.000000
-0.010662   0.000000
-0.040945   0.000000
-0.135137   0.000000
-0.010662   0.000000
-0.040945   0.000000
-0.135137   0.000000
-0.029179   0.000000
-0.041350   0.000000
-0.054898   0.000000
-0.029179   0.000000
-0.041350   0.000000
-0.054898   0.000000
-0.029179   0.000000
-0.041350   0.000000
-0.054898   0.000000
-0.029179   0.000000
-0.041350   0.000000
-0.054898   0.000000
-0.029179   0.000000
-0.041350   0.000000
-0.054898   0.000000
-0.029179   0.000000
-0.041350   0.000000
-0.054898   0.000000
-0.029179   0.000000
-0.041350   0.000000
-0.054898   0.000000
-0.029179   0.000000
-0.041350   0.000000
-0.054898   0.000000
-0.029179   0.000000
-0.041350   0.000000
-0.054898   0.000000
-0.029179   0.000000
-0.041350   0.000000
-0.054898   0.000000
-0.029179   0.000000
-0.041350   0.000000
-0.054898   0.000000
-0.029179   0.000000
-0.041350   0.000000
-0.054898   0.000000
-0.020059   0.000000
-0.042088   0.000000
-0.014471   0.000000
-0.020059   0.000000
-0.042088   0.000000
-0.014471   0.000000
-0.020059   0.000000
-0.042088   0.000000
-0.014471   0.000000
-0.020059   0.000000
-0.042088   0.000000
-0.014471   0.000000
-0.020059   0.000000
-0.042088   0.000000
-0.014471   0.000000
-0.020059   0.000000
-0.042088   0.000000
-0.014471   0.000000
-0.020059   0.000000
-0.042088   0.000000
-0.014471   0.000000
-0.020059   0.000000
-0.042088   0.000000
-0.014471   0.000000
-0.020059   0.000000
-0.042088   0.000000
-0.014471   0.000000
-0.020059   0.000000
-0.042088   0.000000
-0.014471   0.000000
-0.020059   0.000000
-0.042088   0.000000
-0.014471   0.000000
-0.020059   0.000000
-0.042088   0.000000
-0.014471   0.000000
-0.019369   0.000000
-0.007658   0.000000
 0.036469   0.000000
-0.019369   0.000000
-0.007658   0.000000
 0.036469   0.000000
-0.019369   0.000000
-0.007658   0.000000
 0.036469   0.000000
-0.019369   0.000000
-0.007658   0.000000
 0.036469   0.000000
-0.019369   0.000000
-0.007658   0.000000
 0.036469   0.000000
-0.019369   0.000000
-0.007658   0.000000
 0.036469   0.000000
-0.019369   0.000000
-0.007658   0.000000
 0.036469   0.000000
-0.019369   0.000000
-0.007658   0.000000
 0.036469   0.000000
-0.019369   0.000000
-0.007658   0.000000
 0.036469   0.000000
-0.019369   0.000000
-0.007658   0.000000
 0.036469   0.000000
-0.019369   0.000000
-0.007658   0.000000
 0.036469   0.000000
-0.019369   0.000000
-0.007658   0.000000
 0.036469   0.000000
-0.001891   0.000000
 0.018152   0.000000
-0.003733   0.000000
-0.001891   0.000000
 0.018152   0.000000
-0.003733   0.000000
-0.001891   0.000000
 0.018152   0.000000
-0.003733   0.000000
-0.001891   0.000000
 0.018152   0.000000
-0.003733   0.000000
-0.001891   0.000000
 0.018152   0.000000
-0.003733   0.000000
-0.001891   0.000000
 0.018152   0.000000
-0.003733   0.000000
-0.001891   0.000000
 0.018152   0.000000
-0.003733   0.000000
-0.001891   0.000000
 0.018152   0.000000
-0.003733   0.000000
-0.001891   0.000000
 0.018152   0.000000
-0.003733   0.000000
-0.001891   0.000000
 0.018152   0.000000
-0.003733   0.000000
-0.001891   0.000000
 0.018152   0.000000
-0.003733   0.000000
-0.001891   0.000000
 0.018152   0.000000
-0.003733   0.000000
 0.005238   0.000000
 0.002665   0.000000
-0.088107   0.000000
 0.005238   0.000000
 0.002665   0.000000
-0.088107   0.000000
 0.005238   0.000000
 0.002665   0.000000
-0.088107   0.000000
 0.005238   0.000000
 0.002665   0.000000
-0.088107   0.000000
 0.005238   0.000000
 0.002665   0.000000
-0.088107   0.000000
 0.005238   0.000000
 0.002665   0.000000
-0.088107   0.000000
 0.005238   0.000000
 0.002665   0.000000
-0.088107   0.000000
 0.005238   0.000000
 0.002665   0.000000
-0.088107   0.000000
 0.005238   0.000000
 0.002665   0.000000
-0.088107   0.000000
 0.005238   0.000000
 0.002665   0.000000
-0.088107   0.000000
 0.005238   0.000000
 0.002665   0.000000
-0.088107   0.000000
 0.005238   0.000000
 0.002665   0.000000
-0.088107   0.000000
 0.010611   0.000000
-0.039217   0.000000
-0.128350   0.000000
 0.010611   0.000000
-0.039217   0.000000
-0.128350   0.000000
 0.010611   0.000000
-0.039217   0.000000
-0.128350   0.000000
 0.010611   0.000000
-0.039217   0.000000
-0.128350   0.000000
 0.010611   0.000000
-0.039217   0.000000
-0.128350   0.000000
 0.010611   0.000000
-0.039217   0.000000
-0.128350   0.000000
 0.010611   0.000000
-0.039217   0.000000
-0.128350   0.000000
 0.010611   0.000000
-0.039217   0.000000
-0.128350   0.000000
 0.010611   0.000000
-0.039217   0.000000
-0.128350   0.000000
 0.010611   0.000000
-0.039217   0.000000
-0.128350   0.000000
 0.010611   0.000000
-0.039217   0.000000
-0.128350   0.000000
 0.010611   0.000000
-0.039217   0.000000
-0.128350   0.000000
-0.000957   0.000000
-0.042685   0.000000
-0.096443   0.000000
-0.000957   0.000000
-0.042685   0.000000
-0.096443   0.000000
-0.000957   0.000000
-0.042685   0.000000
-0.096443   0.000000
-0.000957   0.000000
-0.042685   0.000000
-0.096443   0.000000
-0.000957   0.000000
-0.042685   0.000000
-0.096443   0.000000
-0.000957   0.000000
-0.042685   0.000000
-0.096443   0.000000
-0.000957   0.000000
-0.042685   0.000000
-0.096443   0.000000
-0.000957   0.000000
-0.042685   0.000000
-0.096443   0.000000
-0.000957   0.000000
-0.042685   0.000000
-0.096443   0.000000
-0.000957   0.000000
-0.042685   0.000000
-0.096443   0.000000
-0.000957   0.000000
-0.042685   0.000000
-0.096443   0.000000
-0.000957   0.000000
-0.042685   0.000000
-0.096443   0.000000
 0.015803   0.000000
-0.043065   0.000000
-0.016777   0.000000
 0.015803   0.000000
-0.043065   0.000000
-0.016777   0.000000
 0.015803   0.000000
-0.043065   0.000000
-0.016777   0.000000
 0.015803   0.000000
-0.043065   0.000000
-0.016777   0.000000
 0.015803   0.000000
-0.043065   0.000000
-0.016777   0.000000
 0.015803   0.000000
-0.043065   0.000000
-0.016777   0.000000
 0.015803   0.000000
-0.043065   0.000000
-0.016777   0.000000
 0.015803   0.000000
-0.043065   0.000000
-0.016777   0.000000
 0.015803   0.000000
-0.043065   0.000000
-0.016777   0.000000
 0.015803   0.000000
-0.043065   0.000000
-0.016777   0.000000
 0.015803   0.000000
-0.043065   0.000000
-0.016777   0.000000
 0.015803   0.000000
-0.043065   0.000000
-0.016777   0.000000
-0.005828   0.000000
-0.022582   0.000000
 0.028359   0.000000
-0.005828   0.000000
-0.022582   0.000000
 0.028359   0.000000
-0.005828   0.000000
-0.022582   0.000000
 0.028359   0.000000
-0.005828   0.000000
-0.022582   0.000000
 0.028359   0.000000
-0.005828   0.000000
-0.022582   0.000000
 0.028359   0.000000
-0.005828   0.000000
-0.022582   0.000000
 0.028359   0.000000
-0.005828   0.000000
-0.022582   0.000000
 0.028359   0.000000
-0.005828   0.000000
-0.022582   0.000000
 0.028359   0.000000
-0.005828   0.000000
-0.022582   0.000000
 0.028359   0.000000
-0.005828   0.000000
-0.022582   0.000000
 0.028359   0.000000
-0.005828   0.000000
-0.022582   0.000000
 0.028359   0.000000
-0.005828   0.000000
-0.022582   0.000000
 0.028359   0.000000
-0.004398   0.000000
-0.006094   0.000000
 0.040074   0.000000
-0.004398   0.000000
-0.006094   0.000000
 0.040074   0.000000
-0.004398   0.000000
-0.006094   0.000000
 0.040074   0.000000
-0.004398   0.000000
-0.006094   0.000000
 0.040074   0.000000
-0.004398   0.000000
-0.006094   0.000000
 0.040074   0.000000
-0.004398   0.000000
-0.006094   0.000000
 0.040074   0.000000
-0.004398   0.000000
-0.006094   0.000000
 0.040074   0.000000
-0.004398   0.000000
-0.006094   0.000000
 0.040074   0.000000
-0.004398   0.000000
-0.006094   0.000000
 0.040074   0.000000
-0.004398   0.000000
-0.006094   0.000000
 0.040074   0.000000
-0.004398   0.000000
-0.006094   0.000000
 0.040074   0.000000
-0.004398   0.000000
-0.006094   0.000000
 0.040074   0.000000
 0.013731   0.000000
-0.010540   0.000000
-0.008048   0.000000
 0.013731   0.000000
-0.010540   0.000000
-0.008048   0.000000
 0.013731   0.000000
-0.010540   0.000000
-0.008048   0.000000
 0.013731   0.000000
-0.010540   0.000000
-0.008048   0.000000
 0.013731   0.000000
-0.010540   0.000000
-0.008048   0.000000
 0.013731   0.000000
-0.010540   0.000000
-0.008048   0.000000
 0.013731   0.000000
-0.010540   0.000000
-0.008048   0.000000
 0.013731   0.000000
-0.010540   0.000000
-0.008048   0.000000
 0.013731   0.000000
-0.010540   0.000000
-0.008048   0.000000
 0.013731   0.000000
-0.010540   0.000000
-0.008048   0.000000
 0.013731   0.000000
-0.010540   0.000000
-0.008048   0.000000
 0.013731   0.000000
-0.010540   0.000000
-0.008048   0.000000
 0.021310   0.000000
-0.033137   0.000000
-0.059524   0.000000
 0.021310   0.000000
-0.033137   0.000000
-0.059524   0.000000
 0.021310   0.000000
-0.033137   0.000000
-0.059524   0.000000
 0.021310   0.000000
-0.033137   0.000000
-0.059524   0.000000
 0.021310   0.000000
-0.033137   0.000000
-0.059524   0.000000
 0.021310   0.000000
-0.033137   0.000000
-0.059524   0.000000
 0.021310   0.000000
-0.033137   0.000000
-0.059524   0.000000
 0.021310   0.000000
-0.033137   0.000000
-0.059524   0.000000
 0.021310   0.000000
-0.033137   0.000000
-0.059524   0.000000
 0.021310   0.000000
-0.033137   0.000000
-0.059524   0.000000
 0.021310   0.000000
-0.033137   0.000000
-0.059524   0.000000
 0.021310   0.000000
-0.033137   0.000000
-0.059524   0.000000
 0.029556   0.000000
-0.043539   0.000000
-0.065529   0.000000
 0.029556   0.000000
-0.043539   0.000000
-0.065529   0.000000
 0.029556   0.000000
-0.043539   0.000000
-0.065529   0.000000
 0.029556   0.000000
-0.043539   0.000000
-0.065529   0.000000
 0.029556   0.000000
-0.043539   0.000000
-0.065529   0.000000
 0.029556   0.000000
-0.043539   0.000000
-0.065529   0.000000
 0.029556   0.000000
-0.043539   0.000000
-0.065529   0.000000
 0.029556   0.000000
-0.043539   0.000000
-0.065529   0.000000
 0.029556   0.000000
-0.043539   0.000000
-0.065529   0.000000
 0.029556   0.000000
-0.043539   0.000000
-0.065529   0.000000
 0.029556   0.000000
-0.043539   0.000000
-0.065529   0.000000
 0.029556   0.000000
-0.043539   0.000000
-0.065529   0.000000
 0.026015   0.000000
-0.031388   0.000000
 0.013640   0.000000
 0.026015   0.000000
-0.031388   0.000000
 0.013640   0.000000
 0.026015   0.000000
-0.031388   0.000000
 0.013640   0.000000
 0.026015   0.000000
-0.031388   0.000000
 0.013640   0.000000
 0.026015   0.000000
-0.031388   0.000000
 0.013640   0.000000
 0.026015   0.000000
-0.031388   0.000000
 0.013640   0.000000
 0.026015   0.000000
-0.031388   0.000000
 0.013640   0.000000
 0.026015   0.000000
-0.031388   0.000000
 0.013640   0.000000
 0.026015   0.000000
-0.031388   0.000000
 0.013640   0.000000
 0.026015   0.000000
-0.031388   0.000000
 0.013640   0.000000
 0.026015   0.000000
-0.031388   0.000000
 0.013640   0.000000
 0.026015   0.000000
-0.031388   0.000000
 0.013640   0.000000
 0.009852   0.000000
-0.014234   0.000000
 0.033749   0.000000
 0.009852   0.000000
-0.014234   0.000000
 0.033749   0.000000
 0.009852   0.000000
-0.014234   0.000000
 0.033749   0.000000
 0.009852   0.000000
-0.014234   0.000000
 0.033749   0.000000
 0.009852   0.000000
-0.014234   0.000000
 0.033749   0.000000
 0.009852   0.000000
-0.014234   0.000000
 0.033749   0.000000
 0.009852   0.000000
-0.014234   0.000000
 0.033749   0.000000
 0.009852   0.000000
-0.014234   0.000000
 0.033749   0.000000
 0.009852   0.000000
-0.014234   0.000000
 0.033749   0.000000
 0.009852   0.000000
-0.014234   0.000000
 0.033749   0.000000
 0.009852   0.000000
-0.014234   0.000000
 0.033749   0.000000
 0.009852   0.000000
-0.014234   0.000000
 0.033749   0.000000
-0.013234   0.000000
-0.010412   0.000000
 0.039823   0.000000
-0.013234   0.000000
-0.010412   0.000000
 0.039823   0.000000
-0.013234   0.000000
-0.010412   0.000000
 0.039823   0.000000
-0.013234   0.000000
-0.010412   0.000000
 0.039823   0.000000
-0.013234   0.000000
-0.010412   0.000000
 0.039823   0.000000
-0.013234   0.000000
-0.010412   0.000000
 0.039823   0.000000
-0.013234   0.000000
-0.010412   0.000000
 0.039823   0.000000
-0.013234   0.000000
-0.010412   0.000000
 0.039823   0.000000
-0.013234   0.000000
-0.010412   0.000000
 0.039823   0.000000
-0.013234   0.000000
-0.010412   0.000000
 0.039823   0.000000
-0.013234   0.000000
-0.010412   0.000000
 0.039823   0.000000
-0.013234   0.000000
-0.010412   0.000000
 0.039823   0.000000
-0.011522   0.000000
-0.025375   0.000000
 0.038699   0.000000
-0.011522   0.000000
-0.025375   0.000000
 0.038699   0.000000
-0.011522   0.000000
-0.025375   0.000000
 0.038699   0.000000
-0.011522   0.000000
-0.025375   0.000000
 0.038699   0.000000
-0.011522   0.000000
-0.025375   0.000000
 0.038699   0.000000
-0.011522   0.000000
-0.025375   0.000000
 0.038699   0.000000
-0.011522   0.000000
-0.025375   0.000000
 0.038699   0.000000
-0.011522   0.000000
-0.025375   0.000000
 0.038699   0.000000
-0.011522   0.000000
-0.025375   0.000000
 0.038699   0.000000
-0.011522   0.000000
-0.025375   0.000000
 0.038699   0.000000
-0.011522   0.000000
-0.025375   0.000000
 0.038699   0.000000
-0.011522   0.000000
-0.025375   0.000000
 0.038699   0.000000
 0.007580   0.000000
-0.038460   0.000000
 0.022760   0.000000
 0.007580   0.000000
-0.038460   0.000000
 0.022760   0.000000
 0.007580   0.000000
-0.038460   0.000000
 0.022760   0.000000
 0.007580   0.000000
-0.038460   0.000000
 0.022760   0.000000
 0.007580   0.000000
-0.038460   0.000000
 0.022760   0.000000
 0.007580   0.000000
-0.038460   0.000000
 0.022760   0.000000
 0.007580   0.000000
-0.038460   0.000000
 0.022760   0.000000
 0.007580   0.000000
-0.038460   0.000000
 0.022760   0.000000
 0.007580   0.000000
-0.038460   0.000000
 0.022760   0.000000
 0.007580   0.000000
-0.038460   0.000000
 0.022760   0.000000
 0.007580   0.000000
-0.038460   0.000000
 0.022760   0.000000
 0.007580   0.000000
-0.038460   0.000000
 0.022760   0.000000
 0.031998   0.000000
-0.033038   0.000000
-0.008173   0.000000
 0.031998   0.000000
-0.033038   0.000000
-0.008173   0.000000
 0.031998   0.000000
-0.033038   0.000000
-0.008173   0.000000
 0.031998   0.000000
-0.033038   0.000000
-0.008173   0.000000
 0.031998   0.000000
-0.033038   0.000000
-0.008173   0.000000
 0.031998   0.000000
-0.033038   0.000000
-0.008173   0.000000
 0.031998   0.000000
-0.033038   0.000000
-0.008173   0.000000
 0.031998   0.000000
-0.033038   0.000000
-0.008173   0.000000
 0.031998   0.000000
-0.033038   0.000000
-0.008173   0.000000
 0.031998   0.000000
-0.033038   0.000000
-0.008173   0.000000
 0.031998   0.000000
-0.033038   0.000000
-0.008173   0.000000
 0.031998   0.000000
-0.033038   0.000000
-0.008173   0.000000
 0.018905   0.000000
-0.010270   0.000000
 0.043627   0.000000
 0.018905   0.000000
-0.010270   0.000000
 0.043627   0.000000
 0.018905   0.000000
-0.010270   0.000000
 0.043627   0.000000
 0.018905   0.000000
-0.010270   0.000000
 0.043627   0.000000
 0.018905   0.000000
-0.010270   0.000000
 0.043627   0.000000
 0.018905   0.000000
-0.010270   0.000000
 0.043627   0.000000
 0.018905   0.000000
-0.010270   0.000000
 0.043627   0.000000
 0.018905   0.000000
-0.010270   0.000000
 0.043627   0.000000
 0.018905   0.000000
-0.010270   0.000000
 0.043627   0.000000
 0.018905   0.000000
-0.010270   0.000000
 0.043627   0.000000
 0.018905   0.000000
-0.010270   0.000000
 0.043627   0.000000
 0.018905   0.000000
-0.010270   0.000000
 0.043627   0.000000
 0.000307   0.000000
 0.008096   0.000000
 0.019429   0.000000
 0.000307   0.000000
 0.008096   0.000000
 0.019429   0.000000
 0.000307   0.000000
 0.008096   0.000000
 0.019429   0.000000
 0.000307   0.000000
 0.008096   0.000000
 0.019429   0.000000
 0.000307   0.000000
 0.008096   0.000000
 0.019429   0.000000
 0.000307   0.000000
 0.008096   0.000000
 0.019429   0.000000
 0.000307   0.000000
 0.008096   0.000000
 0.019429   0.000000
 0.000307   0.000000
 0.008096   0.000000
 0.019429   0.000000
 0.000307   0.000000
 0.008096   0.000000
 0.019429   0.000000
 0.000307   0.000000
 0.008096   0.000000
 0.019429   0.000000
 0.000307   0.000000
 0.008096   0.000000
 0.019429   0.000000
 0.000307   0.000000
 0.008096   0.000000
 0.019429   0.000000
-0.020538   0.000000
 0.010506   0.000000
-0.006606   0.000000
-0.020538   0.000000
 0.010506   0.000000
-0.006606   0.000000
-0.020538   0.000000
 0.010506   0.000000
-0.006606   0.000000
-0.020538   0.000000
 0.010506   0.000000
-0.006606   0.000000
-0.020538   0.000000
 0.010506   0.000000
-0.006606   0.000000
-0.020538   0.000000
 0.010506   0.000000
-0.006606   0.000000
-0.020538   0.000000
 0.010506   0.000000
-0.006606   0.000000
-0.020538   0.000000
 0.010506   0.000000
-0.006606   0.000000
-0.020538   0.000000
 0.010506   0.000000
-0.006606   0.000000
-0.020538   0.000000
 0.010506   0.000000
-0.006606   0.000000
-0.020538   0.000000
 0.010506   0.000000
-0.006606   0.000000
-0.020538   0.000000
 0.010506   0.000000
-0.006606   0.000000
-0.042589   0.000000
-0.015507   0.000000
-0.015067   0.000000
-0.042589   0.000000
-0.015507   0.000000
-0.015067   0.000000
-0.042589   0.000000
-0.015507   0.000000
-0.015067   0.000000
-0.042589   0.000000
-0.015507   0.000000
-0.015067   0.000000
-0.042589   0.000000
-0.015507   0.000000
-0.015067   0.000000
-0.042589   0.000000
-0.015507   0.000000
-0.015067   0.000000
-0.042589   0.000000
-0.015507   0.000000
-0.015067   0.000000
-0.042589   0.000000
-0.015507   0.000000
-0.015067   0.000000
-0.042589   0.000000
-0.015507   0.000000
-0.015067   0.000000
-0.042589   0.000000
-0.015507   0.000000
-0.015067   0.000000
-0.042589   0.000000
-0.015507   0.000000
-0.015067   0.000000
-0.042589   0.000000
-0.015507   0.000000
-0.015067   0.000000
-0.035903   0.000000
-0.039960   0.000000
 0.012168   0.000000
-0.035903   0.000000
-0.039960   0.000000
 0.012168   0.000000
-0.035903   0.000000
-0.039960   0.000000
 0.012168   0.000000
-0.035903   0.000000
-0.039960   0.000000
 0.012168   0.000000
-0.035903   0.000000
-0.039960   0.000000
 0.012168   0.000000
-0.035903   0.000000
-0.039960   0.000000
 0.012168   0.000000
-0.035903   0.000000
-0.039960   0.000000
 0.012168   0.000000
-0.035903   0.000000
-0.039960   0.000000
 0.012168   0.000000
-0.035903   0.000000
-0.039960   0.000000
 0.012168   0.000000
-0.035903   0.000000
-0.039960   0.000000
 0.012168   0.000000
-0.035903   0.000000
-0.039960   0.000000
 0.012168   0.000000
-0.035903   0.000000
-0.039960   0.000000
 0.012168   0.000000
-0.016556   0.000000
-0.046695   0.000000
 0.041276   0.000000
-0.016556   0.000000
-0.046695   0.000000
 0.041276   0.000000
-0.016556   0.000000
-0.046695   0.000000
 0.041276   0.000000
-0.016556   0.000000
-0.046695   0.000000
 0.041276   0.000000
-0.016556   0.000000
-0.046695   0.000000
 0.041276   0.000000
-0.016556   0.000000
-0.046695   0.000000
 0.041276   0.000000
-0.016556   0.000000
-0.046695   0.000000
 0.041276   0.000000
-0.016556   0.000000
-0.046695   0.000000
 0.041276   0.000000
-0.016556   0.000000
-0.046695   0.000000
 0.041276   0.000000
-0.016556   0.000000
-0.046695   0.000000
 0.041276   0.000000
-0.016556   0.000000
-0.046695   0.000000
 0.041276   0.000000
-0.016556   0.000000
-0.046695   0.000000
 0.041276   0.000000
 0.025065   0.000000
 0.010152   0.000000
-0.080828   0.000000
 0.025065   0.000000
 0.010152   0.000000
-0.080828   0.000000
 0.025065   0.000000
 0.010152   0.000000
-0.080828   0.000000
 0.025065   0.000000
 0.010152   0.000000
-0.080828   0.000000
 0.025065   0.000000
 0.010152   0.000000
-0.080828   0.000000
 0.025065   0.000000
 0.010152   0.000000
-0.080828   0.000000
 0.025065   0.000000
 0.010152   0.000000
-0.080828   0.000000
 0.025065   0.000000
 0.010152   0.000000
-0.080828   0.000000
 0.025065   0.000000
 0.010152   0.000000
-0.080828   0.000000
 0.025065   0.000000
 0.010152   0.000000
-0.080828   0.000000
 0.025065   0.000000
 0.010152   0.000000
-0.080828   0.000000
 0.025065   0.000000
 0.010152   0.000000
-0.080828   0.000000
 0.011760   0.000000
 0.012461   0.000000
-0.096894   0.000000
 0.011760   0.000000
 0.012461   0.000000
-0.096894   0.000000
 0.011760   0.000000
 0.012461   0.000000
-0.096894   0.000000
 0.011760   0.000000
 0.012461   0.000000
-0.096894   0.000000
 0.011760   0.000000
 0.012461   0.000000
-0.096894   0.000000
 0.011760   0.000000
 0.012461   0.000000
-0.096894   0.000000
 0.011760   0.000000
 0.012461   0.000000
-0.096894   0.000000
 0.011760   0.000000
 0.012461   0.000000
-0.096894   0.000000
 0.011760   0.000000
 0.012461   0.000000
-0.096894   0.000000
 0.011760   0.000000
 0.012461   0.000000
-0.096894   0.000000
 0.011760   0.000000
 0.012461   0.000000
-0.096894   0.000000
 0.011760   0.000000
 0.012461   0.000000
-0.096894   0.000000
 0.020342   0.000000
-0.039223   0.000000
-0.104434   0.000000
 0.020342   0.000000
-0.039223   0.000000
-0.104434   0.000000
 0.020342   0.000000
-0.039223   0.000000
-0.104434   0.000000
 0.020342   0.000000
-0.039223   0.000000
-0.104434   0.000000
 0.020342   0.000000
-0.039223   0.000000
-0.104434   0.000000
 0.020342   0.000000
-0.039223   0.000000
-0.104434   0.000000
 0.020342   0.000000
-0.039223   0.000000
-0.104434   0.000000
 0.020342   0.000000
-0.039223   0.000000
-0.104434   0.000000
 0.020342   0.000000
-0.039223   0.000000
-0.104434   0.000000
 0.020342   0.000000
-0.039223   0.000000
-0.104434   0.000000
 0.020342   0.000000
-0.039223   0.000000
-0.104434   0.000000
 0.020342   0.000000
-0.039223   0.000000
-0.104434   0.000000
 0.014489   0.000000
-0.054355   0.000000
-0.057163   0.000000
 0.014489   0.000000
-0.054355   0.000000
-0.057163   0.000000
 0.014489   0.000000
-0.054355   0.000000
-0.057163   0.000000
 0.014489   0.000000
-0.054355   0.000000
-0.057163   0.000000
 0.014489   0.000000
-0.054355   0.000000
-0.057163   0.000000
 0.014489   0.000000
-0.054355   0.000000
-0.057163   0.000000
 0.014489   0.000000
-0.054355   0.000000
-0.057163   0.000000
 0.014489   0.000000
-0.054355   0.000000
-0.057163   0.000000
 0.014489   0.000000
-0.054355   0.000000
-0.057163   0.000000
 0.014489   0.000000
-0.054355   0.000000
-0.057163   0.000000
 0.014489   0.000000
-0.054355   0.000000
-0.057163   0.000000
 0.014489   0.000000
-0.054355   0.000000
-0.057163   0.000000
 0.024245   0.000000
-0.036562   0.000000
-0.020082   0.000000
 0.024245   0.000000
-0.036562   0.000000
-0.020082   0.000000
 0.024245   0.000000
-0.036562   0.000000
-0.020082   0.000000
 0.024245   0.000000
-0.036562   0.000000
-0.020082   0.000000
 0.024245   0.000000
-0.036562   0.000000
-0.020082   0.000000
 0.024245   0.000000
-0.036562   0.000000
-0.020082   0.000000
 0.024245   0.000000
-0.036562   0.000000
-0.020082   0.000000
 0.024245   0.000000
-0.036562   0.000000
-0.020082   0.000000
 0.024245   0.000000
-0.036562   0.000000
-0.020082   0.000000
 0.024245   0.000000
-0.036562   0.000000
-0.020082   0.000000
 0.024245   0.000000
-0.036562   0.000000
-0.020082   0.000000
 0.024245   0.000000
-0.036562   0.000000
-0.020082   0.000000
 0.033243   0.000000
-0.001748   0.000000
-0.017449   0.000000
 0.033243   0.000000
-0.001748   0.000000
-0.017449   0.000000
 0.033243   0.000000
-0.001748   0.000000
-0.017449   0.000000
 0.033243   0.000000
-0.001748   0.000000
-0.017449   0.000000
 0.033243   0.000000
-0.001748   0.000000
-0.017449   0.000000
 0.033243   0.000000
-0.001748   0.000000
-0.017449   0.000000
 0.033243   0.000000
-0.001748   0.000000
-0.017449   0.000000
 0.033243   0.000000
-0.001748   0.000000
-0.017449   0.000000
 0.033243   0.000000
-0.001748   0.000000
-0.017449   0.000000
 0.033243   0.000000
-0.001748   0.000000
-0.017449   0.000000
 0.033243   0.000000
-0.001748   0.000000
-0.017449   0.000000
 0.033243   0.000000
-0.001748   0.000000
-0.017449   0.000000
 0.035925   0.000000
 0.007079   0.000000
-0.062913   0.000000
 0.035925   0.000000
 0.007079   0.000000
-0.062913   0.000000
 0.035925   0.000000
 0.007079   0.000000
-0.062913   0.000000
 0.035925   0.000000
 0.007079   0.000000
-0.062913   0.000000
 0.035925   0.000000
 0.007079   0.000000
-0.062913   0.000000
 0.035925   0.000000
 0.007079   0.000000
-0.062913   0.000000
 0.035925   0.000000
 0.007079   0.000000
-0.062913   0.000000
 0.035925   0.000000
 0.007079   0.000000
-0.062913   0.000000
 0.035925   0.000000
 0.007079   0.000000
-0.062913   0.000000
 0.035925   0.000000
 0.007079   0.000000
-0.062913   0.000000
 0.035925   0.000000
 0.007079   0.000000
-0.062913   0.000000
 0.035925   0.000000
 0.007079   0.000000
-0.062913   0.000000
 0.024977   0.000000
-0.021934   0.000000
-0.109737   0.000000
 0.024977   0.000000
-0.021934   0.000000
-0.109737   0.000000
 0.024977   0.000000
-0.021934   0.000000
-0.109737   0.000000
 0.024977   0.000000
-0.021934   0.000000
-0.109737   0.000000
 0.024977   0.000000
-0.021934   0.000000
-0.109737   0.000000
 0.024977   0.000000
-0.021934   0.000000
-0.109737   0.000000
 0.024977   0.000000
-0.021934   0.000000
-0.109737   0.000000
 0.024977   0.000000
-0.021934   0.000000
-0.109737   0.000000
 0.024977   0.000000
-0.021934   0.000000
-0.109737   0.000000
 0.024977   0.000000
-0.021934   0.000000
-0.109737   0.000000
 0.024977   0.000000
-0.021934   0.000000
-0.109737   0.000000
 0.024977   0.000000
-0.021934   0.000000
-0.109737   0.000000
 0.005824   0.000000
-0.048382   0.000000
-0.081224   0.000000
 0.005824   0.000000
-0.048382   0.000000
-0.081224   0.000000
 0.005824   0.000000
-0.048382   0.000000
-0.081224   0.000000
 0.005824   0.000000
-0.048382   0.000000
-0.081224   0.000000
 0.005824   0.000000
-0.048382   0.000000
-0.081224   0.000000
 0.005824   0.000000
-0.048382   0.000000
-0.081224   0.000000
 0.005824   0.000000
-0.048382   0.000000
-0.081224   0.000000
 0.005824   0.000000
-0.048382   0.000000
-0.081224   0.000000
 0.005824   0.000000
-0.048382   0.000000
-0.081224   0.000000
 0.005824   0.000000
-0.048382   0.000000
-0.081224   0.000000
 0.005824   0.000000
-0.048382   0.000000
-0.081224   0.000000
 0.005824   0.000000
-0.048382   0.000000
-0.081224   0.000000
-0.018134   0.000000
-0.051559   0.000000
-0.011942   0.000000
-0.018134   0.000000
-0.051559   0.000000
-0.011942   0.000000
-0.018134   0.000000
-0.051559   0.000000
-0.011942   0.000000
-0.018134   0.000000
-0.051559   0.000000
-0.011942   0.000000
-0.018134   0.000000
-0.051559   0.000000
-0.011942   0.000000
-0.018134   0.000000
-0.051559   0.000000
-0.011942   0.000000
-0.018134   0.000000
-0.051559   0.000000
-0.011942   0.000000
-0.018134   0.000000
-0.051559   0.000000
-0.011942   0.000000
-0.018134   0.000000
-0.051559   0.000000
-0.011942   0.000000
-0.018134   0.000000
-0.051559   0.000000
-0.011942   0.000000
-0.018134   0.000000
-0.051559   0.000000
-0.011942   0.000000
-0.018134   0.000000
-0.051559   0.000000
-0.011942   0.000000
 0.000324   0.000000
-0.000837   0.000000
 0.022513   0.000000
 0.000324   0.000000
-0.000837   0.000000
 0.022513   0.000000
 0.000324   0.000000
-0.000837   0.000000
 0.022513   0.000000
 0.000324   0.000000
-0.000837   0.000000
 0.022513   0.000000
 0.000324   0.000000
-0.000837   0.000000
 0.022513   0.000000
 0.000324   0.000000
-0.000837   0.000000
 0.022513   0.000000
 0.000324   0.000000
-0.000837   0.000000
 0.022513   0.000000
 0.000324   0.000000
-0.000837   0.000000
 0.022513   0.000000
 0.000324   0.000000
-0.000837   0.000000
 0.022513   0.000000
 0.000324   0.000000
-0.000837   0.000000
 0.022513   0.000000
 0.000324   0.000000
-0.000837   0.000000
 0.022513   0.000000
 0.000324   0.000000
-0.000837   0.000000
 0.022513   0.000000
 0.008518   0.000000
 0.009520   0.000000
-0.034095   0.000000
 0.008518   0.000000
 0.009520   0.000000
-0.034095   0.000000
 0.008518   0.000000
 0.009520   0.000000
-0.034095   0.000000
 0.008518   0.000000
 0.009520   0.000000
-0.034095   0.000000
 0.008518   0.000000
 0.009520   0.000000
-0.034095   0.000000
 0.008518   0.000000
 0.009520   0.000000
-0.034095   0.000000
 0.008518   0.000000
 0.009520   0.000000
-0.034095   0.000000
 0.008518   0.000000
 0.009520   0.000000
-0.034095   0.000000
 0.008518   0.000000
 0.009520   0.000000
-0.034095   0.000000
 0.008518   0.000000
 0.009520   0.000000
-0.034095   0.000000
 0.008518   0.000000
 0.009520   0.000000
-0.034095   0.000000
 0.008518   0.000000
 0.009520   0.000000
-0.034095   0.000000
 0.020018   0.000000
 0.001103   0.000000
-0.097094   0.000000
 0.020018   0.000000
 0.001103   0.000000
-0.097094   0.000000
 0.020018   0.000000
 0.001103   0.000000
-0.097094   0.000000
 0.020018   0.000000
 0.001103   0.000000
-0.097094   0.000000
 0.020018   0.000000
 0.001103   0.000000
-0.097094   0.000000
 0.020018   0.000000
 0.001103   0.000000
-0.097094   0.000000
 0.020018   0.000000
 0.001103   0.000000
-0.097094   0.000000
 0.020018   0.000000
 0.001103   0.000000
-0.097094   0.000000
 0.020018   0.000000
 0.001103   0.000000
-0.097094   0.000000
 0.020018   0.000000
 0.001103   0.000000
-0.097094   0.000000
 0.020018   0.000000
 0.001103   0.000000
-0.097094   0.000000
 0.020018   0.000000
 0.001103   0.000000
-0.097094   0.000000
 0.003990   0.000000
-0.026902   0.000000
-0.129103   0.000000
 0.003990   0.000000
-0.026902   0.000000
-0.129103   0.000000
 0.003990   0.000000
-0.026902   0.000000
-0.129103   0.000000
 0.003990   0.000000
-0.026902   0.000000
-0.129103   0.000000
 0.003990   0.000000
-0.026902   0.000000
-0.129103   0.000000
 0.003990   0.000000
-0.026902   0.000000
-0.129103   0.000000
 0.003990   0.000000
-0.026902   0.000000
-0.129103   0.000000
 0.003990   0.000000
-0.026902   0.000000
-0.129103   0.000000
 0.003990   0.000000
-0.026902   0.000000
-0.129103   0.000000
 0.003990   0.000000
-0.026902   0.000000
-0.129103   0.000000
 0.003990   0.000000
-0.026902   0.000000
-0.129103   0.000000
 0.003990   0.000000
-0.026902   0.000000
-0.129103   0.000000
-0.020386   0.000000
-0.036716   0.000000
-0.072443   0.000000
-0.020386   0.000000
-0.036716   0.000000
-0.072443   0.000000
-0.020386   0.000000
-0.036716   0.000000
-0.072443   0.000000
-0.020386   0.000000
-0.036716   0.000000
-0.072443   0.000000
-0.020386   0.000000
-0.036716   0.000000
-0.072443   0.000000
-0.020386   0.000000
-0.036716   0.000000
-0.072443   0.000000
-0.020386   0.000000
-0.036716   0.000000
-0.072443   0.000000
-0.020386   0.000000
-0.036716   0.000000
-0.072443   0.000000
-0.020386   0.000000
-0.036716   0.000000
-0.072443   0.000000
-0.020386   0.000000
-0.036716   0.000000
-0.072443   0.000000
-0.020386   0.000000
-0.036716   0.000000
-0.072443   0.000000
-0.020386   0.000000
-0.036716   0.000000
-0.072443   0.000000
-0.044800   0.000000
-0.024786   0.000000
-0.024900   0.000000
-0.044800   0.000000
-0.024786   0.000000
-0.024900   0.000000
-0.044800   0.000000
-0.024786   0.000000
-0.024900   0.000000
-0.044800   0.000000
-0.024786   0.000000
-0.024900   0.000000
-0.044800   0.000000
-0.024786   0.000000
-0.024900   0.000000
-0.044800   0.000000
-0.024786   0.000000
-0.024900   0.000000
-0.044800   0.000000
-0.024786   0.000000
-0.024900   0.000000
-0.044800   0.000000
-0.024786   0.000000
-0.024900   0.000000
-0.044800   0.000000
-0.024786   0.000000
-0.024900   0.000000
-0.044800   0.000000
-0.024786   0.000000
-0.024900   0.000000
-0.044800   0.000000
-0.024786   0.000000
-0.024900   0.000000
-0.044800   0.000000
-0.024786   0.000000
-0.024900   0.000000
-0.026048   0.000000
 0.007593   0.000000
-0.031091   0.000000
-0.026048   0.000000
 0.007593   0.000000
-0.031091   0.000000
-0.026048   0.000000
 0.007593   0.000000
-0.031091   0.000000
-0.026048   0.000000
 0.007593   0.000000
-0.031091   0.000000
-0.026048   0.000000
 0.007593   0.000000
-0.031091   0.000000
-0.026048   0.000000
 0.007593   0.000000
-0.031091   0.000000
-0.026048   0.000000
 0.007593   0.000000
-0.031091   0.000000
-0.026048   0.000000
 0.007593   0.000000
-0.031091   0.000000
-0.026048   0.000000
 0.007593   0.000000
-0.031091   0.000000
-0.026048   0.000000
 0.007593   0.000000
-0.031091   0.000000
-0.026048   0.000000
 0.007593   0.000000
-0.031091   0.000000
-0.026048   0.000000
 0.007593   0.000000
-0.031091   0.000000
-0.011403   0.000000
 0.001539   0.000000
-0.087108   0.000000
-0.011403   0.000000
 0.001539   0.000000
-0.087108   0.000000
-0.011403   0.000000
 0.001539   0.000000
-0.087108   0.000000
-0.011403   0.000000
 0.001539   0.000000
-0.087108   0.000000
-0.011403   0.000000
 0.001539   0.000000
-0.087108   0.000000
-0.011403   0.000000
 0.001539   0.000000
-0.087108   0.000000
-0.011403   0.000000
 0.001539   0.000000
-0.087108   0.000000
-0.011403   0.000000
 0.001539   0.000000
-0.087108   0.000000
-0.011403   0.000000
 0.001539   0.000000
-0.087108   0.000000
-0.011403   0.000000
 0.001539   0.000000
-0.087108   0.000000
-0.011403   0.000000
 0.001539   0.000000
-0.087108   0.000000
-0.011403   0.000000
 0.001539   0.000000
-0.087108   0.000000
 0.007034   0.000000
-0.007778   0.000000
-0.143456   0.000000
 0.007034   0.000000
-0.007778   0.000000
-0.143456   0.000000
 0.007034   0.000000
-0.007778   0.000000
-0.143456   0.000000
 0.007034   0.000000
-0.007778   0.000000
-0.143456   0.000000
 0.007034   0.000000
-0.007778   0.000000
-0.143456   0.000000
 0.007034   0.000000
-0.007778   0.000000
-0.143456   0.000000
 0.007034   0.000000
-0.007778   0.000000
-0.143456   0.000000
 0.007034   0.000000
-0.007778   0.000000
-0.143456   0.000000
 0.007034   0.000000
-0.007778   0.000000
-0.143456   0.000000
 0.007034   0.000000
-0.007778   0.000000
-0.143456   0.000000
 0.007034   0.000000
-0.007778   0.000000
-0.143456   0.000000
 0.007034   0.000000
-0.007778   0.000000
-0.143456   0.000000
-0.003792   0.000000
-0.021046   0.000000
-0.134068   0.000000
-0.003792   0.000000
-0.021046   0.000000
-0.134068   0.000000
-0.003792   0.000000
-0.021046   0.000000
-0.134068   0.000000
-0.003792   0.000000
-0.021046   0.000000
-0.134068   0.000000
-0.003792   0.000000
-0.021046   0.000000
-0.134068   0.000000
-0.003792   0.000000
-0.021046   0.000000
-0.134068   0.000000
-0.003792   0.000000
-0.021046   0.000000
-0.134068   0.000000
-0.003792   0.000000
-0.021046   0.000000
-0.134068   0.000000
-0.003792   0.000000
-0.021046   0.000000
-0.134068   0.000000
-0.003792   0.000000
-0.021046   0.000000
-0.134068   0.000000
-0.003792   0.000000
-0.021046   0.000000
-0.134068   0.000000
-0.003792   0.000000
-0.021046   0.000000
-0.134068   0.000000
-0.026976   0.000000
-0.017084   0.000000
-0.092333   0.000000
-0.026976   0.000000
-0.017084   0.000000
-0.092333   0.000000
-0.026976   0.000000
-0.017084   0.000000
-0.092333   0.000000
-0.026976   0.000000
-0.017084   0.000000
-0.092333   0.000000
-0.026976   0.000000
-0.017084   0.000000
-0.092333   0.000000
-0.026976   0.000000
-0.017084   0.000000
-0.092333   0.000000
-0.026976   0.000000
-0.017084   0.000000
-0.092333   0.000000
-0.026976   0.000000
-0.017084   0.000000
-0.092333   0.000000
-0.026976   0.000000
-0.017084   0.000000
-0.092333   0.000000
-0.026976   0.000000
-0.017084   0.000000
-0.092333   0.000000
-0.026976   0.000000
-0.017084   0.000000
-0.092333   0.000000
-0.026976   0.000000
-0.017084   0.000000
-0.092333   0.000000
-0.045473   0.000000
-0.004229   0.000000
-0.062202   0.000000
-0.045473   0.000000
-0.004229   0.000000
-0.062202   0.000000
-0.045473   0.000000
-0.004229   0.000000
-0.062202   0.000000
-0.045473   0.000000
-0.004229   0.000000
-0.062202   0.000000
-0.045473   0.000000
-0.004229   0.000000
-0.062202   0.000000
-0.045473   0.000000
-0.004229   0.000000
-0.062202   0.000000
-0.045473   0.000000
-0.004229   0.000000
-0.062202   0.000000
-0.045473   0.000000
-0.004229   0.000000
-0.062202   0.000000
-0.045473   0.000000
-0.004229   0.000000
-0.062202   0.000000
-0.045473   0.000000
-0.004229   0.000000
-0.062202   0.000000
-0.045473   0.000000
-0.004229   0.000000
-0.062202   0.000000
-0.045473   0.000000
-0.004229   0.000000
-0.062202   0.000000
-0.024205   0.000000
-0.011232   0.000000
-0.088730   0.000000
-0.024205   0.000000
-0.011232   0.000000
-0.088730   0.000000
-0.024205   0.000000
-0.011232   0.000000
-0.088730   0.000000
-0.024205   0.000000
-0.011232   0.000000
-0.088730   0.000000
-0.024205   0.000000
-0.011232   0.000000
-0.088730   0.000000
-0.024205   0.000000
-0.011232   0.000000
-0.088730   0.000000
-0.024205   0.000000
-0.011232   0.000000
-0.088730   0.000000
-0.024205   0.000000
-0.011232   0.000000
-0.088730   0.000000
-0.024205   0.000000
-0.011232   0.000000
-0.088730   0.000000
-0.024205   0.000000
-0.011232   0.000000
-0.088730   0.000000
-0.024205   0.000000
-0.011232   0.000000
-0.088730   0.000000
-0.024205   0.000000
-0.011232   0.000000
-0.088730   0.000000
-0.003143   0.000000
-0.022383   0.000000
-0.127161   0.000000
-0.003143   0.000000
-0.022383   0.000000
-0.127161   0.000000
-0.003143   0.000000
-0.022383   0.000000
-0.127161   0.000000
-0.003143   0.000000
-0.022383   0.000000
-0.127161   0.000000
-0.003143   0.000000
-0.022383   0.000000
-0.127161   0.000000
-0.003143   0.000000
-0.022383   0.000000
-0.127161   0.000000
-0.003143   0.000000
-0.022383   0.000000
-0.127161   0.000000
-0.003143   0.000000
-0.022383   0.000000
-0.127161   0.000000
-0.003143   0.000000
-0.022383   0.000000
-0.127161   0.000000
-0.003143   0.000000
-0.022383   0.000000
-0.127161   0.000000
-0.003143   0.000000
-0.022383   0.000000
-0.127161   0.000000
-0.003143   0.000000
-0.022383   0.000000
-0.127161   0.000000
 0.015598   0.000000
-0.018668   0.000000
-0.127005   0.000000
 0.015598   0.000000
-0.018668   0.000000
-0.127005   0.000000
 0.015598   0.000000
-0.018668   0.000000
-0.127005   0.000000
 0.015598   0.000000
-0.018668   0.000000
-0.127005   0.000000
 0.015598   0.000000
-0.018668   0.000000
-0.127005   0.000000
 0.015598   0.000000
-0.018668   0.000000
-0.127005   0.000000
 0.015598   0.000000
-0.018668   0.000000
-0.127005   0.000000
 0.015598   0.000000
-0.018668   0.000000
-0.127005   0.000000
 0.015598   0.000000
-0.018668   0.000000
-0.127005   0.000000
 0.015598   0.000000
-0.018668   0.000000
-0.127005   0.000000
 0.015598   0.000000
-0.018668   0.000000
-0.127005   0.000000
 0.015598   0.000000
-0.018668   0.000000
-0.127005   0.000000
 0.009295   0.000000
-0.007819   0.000000
-0.112573   0.000000
 0.009295   0.000000
-0.007819   0.000000
-0.112573   0.000000
 0.009295   0.000000
-0.007819   0.000000
-0.112573   0.000000
 0.009295   0.000000
-0.007819   0.000000
-0.112573   0.000000
 0.009295   0.000000
-0.007819   0.000000
-0.112573   0.000000
 0.009295   0.000000
-0.007819   0.000000
-0.112573   0.000000
 0.009295   0.000000
-0.007819   0.000000
-0.112573   0.000000
 0.009295   0.000000
-0.007819   0.000000
-0.112573   0.000000
 0.009295   0.000000
-0.007819   0.000000
-0.112573   0.000000
 0.009295   0.000000
-0.007819   0.000000
-0.112573   0.000000
 0.009295   0.000000
-0.007819   0.000000
-0.112573   0.000000
 0.009295   0.000000
-0.007819   0.000000
-0.112573   0.000000
-0.007182   0.000000
 0.002815   0.000000
-0.100782   0.000000
-0.007182   0.000000
 0.002815   0.000000
-0.100782   0.000000
-0.007182   0.000000
 0.002815   0.000000
-0.100782   0.000000
-0.007182   0.000000
 0.002815   0.000000
-0.100782   0.000000
-0.007182   0.000000
 0.002815   0.000000
-0.100782   0.000000
-0.007182   0.000000
 0.002815   0.000000
-0.100782   0.000000
-0.007182   0.000000
 0.002815   0.000000
-0.100782   0.000000
-0.007182   0.000000
 0.002815   0.000000
-0.100782   0.000000
-0.007182   0.000000
 0.002815   0.000000
-0.100782   0.000000
-0.007182   0.000000
 0.002815   0.000000
-0.100782   0.000000
-0.007182   0.000000
 0.002815   0.000000
-0.100782   0.000000
-0.007182   0.000000
 0.002815   0.000000
-0.100782   0.000000
-0.017352   0.000000
-0.023958   0.000000
-0.100564   0.000000
-0.017352   0.000000
-0.023958   0.000000
-0.100564   0.000000
-0.017352   0.000000
-0.023958   0.000000
-0.100564   0.000000
-0.017352   0.000000
-0.023958   0.000000
-0.100564   0.000000
-0.017352   0.000000
-0.023958   0.000000
-0.100564   0.000000
-0.017352   0.000000
-0.023958   0.000000
-0.100564   0.000000
-0.017352   0.000000
-0.023958   0.000000
-0.100564   0.000000
-0.017352   0.000000
-0.023958   0.000000
-0.100564   0.000000
-0.017352   0.000000
-0.023958   0.000000
-0.100564   0.000000
-0.017352   0.000000
-0.023958   0.000000
-0.100564   0.000000
-0.017352   0.000000
-0.023958   0.000000
-0.100564   0.000000
-0.017352   0.000000
-0.023958   0.000000
-0.100564   0.000000
-0.006996   0.000000
-0.038721   0.000000
-0.107851   0.000000
-0.006996   0.000000
-0.038721   0.000000
-0.107851   0.000000
-0.006996   0.000000
-0.038721   0.000000
-0.107851   0.000000
-0.006996   0.000000
-0.038721   0.000000
-0.107851   0.000000
-0.006996   0.000000
-0.038721   0.000000
-0.107851   0.000000
-0.006996   0.000000
-0.038721   0.000000
-0.107851   0.000000
-0.006996   0.000000
-0.038721   0.000000
-0.107851   0.000000
-0.006996   0.000000
-0.038721   0.000000
-0.107851   0.000000
-0.006996   0.000000
-0.038721   0.000000
-0.107851   0.000000
-0.006996   0.000000
-0.038721   0.000000
-0.107851   0.000000
-0.006996   0.000000
-0.038721   0.000000
-0.107851   0.000000
-0.006996   0.000000
-0.038721   0.000000
-0.107851   0.000000
 0.010997   0.000000
-0.037264   0.000000
-0.093595   0.000000
 0.010997   0.000000
-0.037264   0.000000
-0.093595   0.000000
 0.010997   0.000000
-0.037264   0.000000
-0.093595   0.000000
 0.010997   0.000000
-0.037264   0.000000
-0.093595   0.000000
 0.010997   0.000000
-0.037264   0.000000
-0.093595   0.000000
 0.010997   0.000000
-0.037264   0.000000
-0.093595   0.000000
 0.010997   0.000000
-0.037264   0.000000
-0.093595   0.000000
 0.010997   0.000000
-0.037264   0.000000
-0.093595   0.000000
 0.010997   0.000000
-0.037264   0.000000
-0.093595   0.000000
 0.010997   0.000000
-0.037264   0.000000
-0.093595   0.000000
 0.010997   0.000000
-0.037264   0.000000
-0.093595   0.000000
 0.010997   0.000000
-0.037264   0.000000
-0.093595   0.000000
 0.025150   0.000000
-0.014274   0.000000
-0.074855   0.000000
 0.025150   0.000000
-0.014274   0.000000
-0.074855   0.000000
 0.025150   0.000000
-0.014274   0.000000
-0.074855   0.000000
 0.025150   0.000000
-0.014274   0.000000
-0.074855   0.000000
 0.025150   0.000000
-0.014274   0.000000
-0.074855   0.000000
 0.025150   0.000000
-0.014274   0.000000
-0.074855   0.000000
 0.025150   0.000000
-0.014274   0.000000
-0.074855   0.000000
 0.025150   0.000000
-0.014274   0.000000
-0.074855   0.000000
 0.025150   0.000000
-0.014274   0.000000
-0.074855   0.000000
 0.025150   0.000000
-0.014274   0.000000
-0.074855   0.000000
 0.025150   0.000000
-0.014274   0.000000
-0.074855   0.000000
 0.025150   0.000000
-0.014274   0.000000
-0.074855   0.000000
