Mo67  S134 	Mo67  S134 
1.0 	1.0 
19.125407628  0.0000000000  0.0000000000 	19.125407628  0.0000000000  0.0000000000 
-9.562703814  16.5630888636  0.0000000000 	-9.562703814  16.5630888636  0.0000000000 
0.0000000000  0.0000000000  39.3884239200 	0.0000000000  0.0000000000  39.3884239200 
Mo  S 	Mo  S 
67  134 	67  134 
Direct	Direct
  0.0555537180   0.1111165834   0.0795486156	   0.0555530069   0.1111153379   0.0795384791
  0.2222289625   0.1111278385   0.0795394380	   0.2222312630   0.1111278133   0.0795367160
  0.3888956410   0.1111270993   0.0795327153	   0.3888954525   0.1111275791   0.0795329837
  0.5555532849   0.1111178181   0.0795272472	   0.5555478417   0.1111142969   0.0795303934
  0.7222106845   0.1111076248   0.0795313056	   0.7222028004   0.1111026665   0.0795324109
  0.8888751960   0.1111067609   0.0795393089	   0.8888722207   0.1111034421   0.0795366976
  0.0555475641   0.2777766549   0.0795427696	   0.0555457433   0.2777768768   0.0795396075
  0.2222280829   0.2777904561   0.0795433950	   0.2222259597   0.2777911576   0.0795390803
  0.3889000100   0.2777969117   0.0795320138	   0.3888997940   0.2777971504   0.0795324289
  0.5555658314   0.2777899474   0.0795212747	   0.5555596610   0.2777870821   0.0795248771
  0.7222138758   0.2777710242   0.0795209157	   0.7222128371   0.2777725793   0.0795248689
  0.8888763218   0.2777716693   0.0795312109	   0.8888724404   0.2777679176   0.0795329651
  0.0555466896   0.4444394837   0.0795368384	   0.0555490264   0.4444373808   0.0795403855
  0.2222212896   0.4444494682   0.0795429788	   0.2222213510   0.4444481271   0.0795443286
  0.3889003131   0.4444602193   0.0795381934	   0.3888969663   0.4444560337   0.0795398439
  0.5555657644   0.4444530896   0.0795262570	   0.5555663130   0.4444520481   0.0795303960
  0.7222189334   0.4444377952   0.0795203133	   0.7222273609   0.4444402264   0.0795248722
  0.8888840291   0.4444389175   0.0795254999	   0.8888857261   0.4444335945   0.0795303874
  0.0555576034   0.6111050750   0.0795360826	   0.0555590965   0.6111030119   0.0795398342
  0.2222218401   0.6111104029   0.0795430939	   0.2222223113   0.6111090380   0.0795465178
  0.3888941080   0.6111173234   0.0795435032	   0.3888909209   0.6111132107   0.0795465176
  0.5555668531   0.6111148809   0.0795378358	   0.5555625568   0.6111115812   0.0795403895
  0.7222320774   0.6111102674   0.0795319443	   0.7222320543   0.6111044967   0.0795329693
  0.8888929183   0.6111031961   0.0795299673	   0.8888973802   0.6111001705   0.0795324152
  0.0555620101   0.7777747634   0.0795417798	   0.0555652917   0.7777741328   0.0795390777
  0.2222271689   0.7777800399   0.0795426799	   0.2222268281   0.7777787092   0.0795443313
  0.3888899884   0.7777828182   0.0795437995	   0.3888867055   0.7777776839   0.0795465188
  0.5555560095   0.7777771219   0.0795430435	   0.5555518375   0.7777731652   0.0795443209
  0.7222272285   0.7777741561   0.0795435241	   0.7222231165   0.7777688469   0.0795396083
  0.8888970281   0.7777727455   0.0795372703	   0.8888966224   0.7777688105   0.0795367043
  0.0555634373   0.9444483598   0.0795456868	   0.0555624516   0.9444471050   0.0795384887
  0.2222276735   0.9444538080   0.0795419122	   0.2222311757   0.9444543492   0.0795396247
  0.3888908980   0.9444567789   0.0795377752	   0.3888883431   0.9444510241   0.0795403972
  0.5555482623   0.9444476432   0.0795374004	   0.5555439061   0.9444409544   0.0795398328
  0.7222126522   0.9444406145   0.0795418203	   0.7222088465   0.9444347643   0.0795390678
  0.8888823542   0.9444380549   0.0795471789	   0.8888847154   0.9444376546   0.0795384792
  0.7311915490   0.0107576798   0.2436580269	   0.7311926859   0.0107598179   0.2436555244
  0.9247363795   0.0430165332   0.2436551051	   0.9247378054   0.0430155707   0.2436586420
  0.1182800045   0.0752596043   0.2436553438	   0.1182778471   0.0752623335   0.2436586544
  0.3118251245   0.1075142362   0.2436603269	   0.3118225550   0.1075136796   0.2436560565
  0.5053792817   0.1397785864   0.2436651347	   0.5053761846   0.1397777469   0.2436537213
  0.6989350622   0.1720442473   0.2436660645	   0.6989337279   0.1720468938   0.2436544099
  0.8924875087   0.2043059736   0.2436606111	   0.8924864014   0.2043090158   0.2436560458
  0.0860278984   0.2365547939   0.2436549223	   0.0860283105   0.2365591748   0.2436561324
  0.2795666021   0.2688049238   0.2436570659	   0.2795670590   0.2688072685   0.2436555314
  0.4731088611   0.3010644259   0.2436653637	   0.4731129729   0.3010661727   0.2436544071
  0.6666697505   0.3333383113   0.2436706082	   0.6666666061   0.3333333252   0.2436538425
  0.8602216881   0.3655971229   0.2436637234	   0.8602222588   0.3655985559   0.2436537164
  0.0537722462   0.3978522823   0.2436556489	   0.0537715462   0.3978548016   0.2436518870
  0.2473124446   0.4301024944   0.2436515648	   0.2473131519   0.4301053446   0.2436507525
  0.4408534318   0.4623592946   0.2436580896	   0.4408547624   0.4623608270   0.2436516746
  0.6343966186   0.4946196035   0.2436649980	   0.6344014458   0.4946237779   0.2436537195
  0.8279545182   0.5268875154   0.2436639586	   0.8279531427   0.5268869837   0.2436544098
  0.0215055253   0.5591431898   0.2436577394	   0.0215060444   0.5591452002   0.2436516677
  0.2150568700   0.5913993767   0.2436506303	   0.2150552037   0.5913996007   0.2436479602
  0.4085995317   0.6236547408   0.2436513900	   0.4086003665   0.6236556510   0.2436479649
  0.6021433820   0.6559147881   0.2436562920	   0.6021451540   0.6559167649   0.2436518878
  0.7956871347   0.6881743413   0.2436612157	   0.7956910423   0.6881774600   0.2436560538
  0.9892415679   0.7204310028   0.2436570915	   0.9892402530   0.7204330204   0.2436555237
  0.1827936950   0.7526857415   0.2436526285	   0.1827921943   0.7526868477   0.2436507404
  0.3763474953   0.7849448396   0.2436518060	   0.3763442488   0.7849447884   0.2436479641
  0.5698947521   0.8172061412   0.2436533344	   0.5698945202   0.8172077854   0.2436507440
  0.7634398437   0.8494667036   0.2436558415	   0.7634407629   0.8494690847   0.2436561184
  0.9569823526   0.8817169349   0.2436546566	   0.9569845474   0.8817222911   0.2436586429
  0.1505327701   0.9139711481   0.2436540386	   0.1505308667   0.9139717355   0.2436561281
  0.3440851843   0.9462288929   0.2436559655	   0.3440831796   0.9462284601   0.2436518909
  0.5376412421   0.9784944375   0.2436576635	   0.5376390055   0.9784939777   0.2436516760
  0.1111196564   0.0555710250   0.1192555547	   0.1111120693   0.0555713346   0.1192577411
  0.1111088709   0.0555519362   0.0398142948	   0.1111106214   0.0555546964   0.0398215374
  0.2777819224   0.0555814995   0.1192173096	   0.2777774513   0.0556002133   0.1192267938
  0.2777752179   0.0555516292   0.0398162678	   0.2777771748   0.0555546185   0.0398208916
  0.4444337333   0.0555765334   0.1191923009	   0.4444220109   0.0555952960   0.1191950128
  0.4444424493   0.0555522614   0.0398171246	   0.4444453009   0.0555559340   0.0398201371
  0.6110826901   0.0555558312   0.1191937385	   0.6110661498   0.0555573917   0.1191947917
  0.6111097998   0.0555531987   0.0398169801	   0.6111130801   0.0555571875   0.0398201419
  0.7777454016   0.0555387493   0.1192172182	   0.7777376016   0.0555309388   0.1192266221
  0.7777765751   0.0555532078   0.0398162621	   0.7777796763   0.0555570736   0.0398208842
  0.9444293949   0.0555453845   0.1192547950	   0.9444286746   0.0555407149   0.1192577432
  0.9444427643   0.0555521543   0.0398151560	   0.9444453074   0.0555559126   0.0398215275
  0.1111169460   0.2222325997   0.1192647784	   0.1110990971   0.2222157746   0.1192521721
  0.1111089499   0.2222193455   0.0398142872	   0.1111113431   0.2222210925   0.0398211246
  0.2777949927   0.2222507163   0.1192181499	   0.2777933365   0.2222623831   0.1192266216
  0.2777752103   0.2222189126   0.0398166838	   0.2777773948   0.2222203104   0.0398208959
  0.4444521504   0.2222492583   0.1191787167	   0.4444581020   0.2222758319   0.1191765744
  0.4444416583   0.2222190664   0.0398182282	   0.4444445547   0.2222210774   0.0398203456
  0.6110992326   0.2222295209   0.1191641835	   0.6110882392   0.2222343294   0.1191517675
  0.6111090117   0.2222199718   0.0398185535	   0.6111120281   0.2222227561   0.0398200205
  0.7777461558   0.2222040558   0.1191808588	   0.7777241519   0.2221822826   0.1191765770
  0.7777759889   0.2222200657   0.0398180231	   0.7777789106   0.2222234849   0.0398203336
  0.9444111407   0.2221989468   0.1192166120	   0.9443997993   0.2221772561   0.1192267955
  0.9444421855   0.2222186468   0.0398170317	   0.9444453903   0.2222225725   0.0398208797
  0.1110944291   0.3888676904   0.1192360147	   0.1110871014   0.3888546407   0.1192390927
  0.1111086892   0.3888835731   0.0398162264	   0.1111111222   0.3888882913   0.0398202593
  0.2777972719   0.3889067529   0.1192350471	   0.2777925169   0.3889031024   0.1192388942
  0.2777756768   0.3888862169   0.0398159293	   0.2777776454   0.3888871347   0.0398202769
  0.4444714405   0.3889154024   0.1191926040	   0.4444911843   0.3889338114   0.1191947867
  0.4444422409   0.3888857233   0.0398177313	   0.4444440602   0.3888868904   0.0398201498
  0.6111235940   0.3888988870   0.1191653810	   0.6111460446   0.3889117076   0.1191517704
  0.6111091049   0.3888861172   0.0398185101	   0.6111106921   0.3888879271   0.0398200173
  0.7777678551   0.3888718303   0.1191656829	   0.7777656475   0.3888539154   0.1191517708
  0.7777762698   0.3888863119   0.0398182852	   0.7777772251   0.3888892733   0.0398200136
  0.9444206504   0.3888564110   0.1191946375	   0.9444047061   0.3888267303   0.1191950145
  0.9444424043   0.3888847875   0.0398176512	   0.9444440656   0.3888893755   0.0398201278
  0.1111000020   0.5555275497   0.1192252116	   0.1110939115   0.5555169432   0.1192315718
  0.1111089028   0.5555497873   0.0398164359	   0.1111101172   0.5555556126   0.0398198070
  0.2777752445   0.5555463176   0.1192678221	   0.2777789219   0.5555490410   0.1192496899
  0.2777756332   0.5555495585   0.0398145600	   0.2777775964   0.5555549381   0.0398196574
  0.4444727868   0.5555716245   0.1192269160	   0.4444830385   0.5555769483   0.1192315668
  0.4444433055   0.5555527216   0.0398160349	   0.4444443683   0.5555544895   0.0398198134
  0.6111418509   0.5555653792   0.1191925458	   0.6111732398   0.5555779594   0.1191950158
  0.6111099963   0.5555525107   0.0398172981	   0.6111105957   0.5555546781   0.0398201279
  0.7777922573   0.5555419587   0.1191809656	   0.7778177095   0.5555418679   0.1191765813
  0.7777767465   0.5555527662   0.0398175986	   0.7777765072   0.5555554229   0.0398203307
  0.9444414258   0.5555252817   0.1191934585	   0.9444426242   0.5555087871   0.1191947905
  0.9444426802   0.5555511057   0.0398174622	   0.9444428258   0.5555559133   0.0398201419
  0.1111128858   0.7222047313   0.1192349184	   0.1111105976   0.7222074916   0.1192388982
  0.1111091774   0.7222162136   0.0398159032	   0.1111094936   0.7222223572   0.0398202715
  0.2777736029   0.7222238292   0.1192655012	   0.2777701190   0.7222210741   0.1192496936
  0.2777769151   0.7222185015   0.0398127398	   0.2777773430   0.7222223998   0.0398196560
  0.4444397499   0.7222234938   0.1192656731	   0.4444509285   0.7222298622   0.1192496915
  0.4444441433   0.7222191936   0.0398127741	   0.4444450341   0.7222226386   0.0398196541
  0.6111334142   0.7222272411   0.1192337508	   0.6111453422   0.7222324389   0.1192390955
  0.6111110502   0.7222196122   0.0398152318	   0.6111116887   0.7222228115   0.0398202555
  0.7778001485   0.7222158670   0.1192181205	   0.7778227395   0.7222225411   0.1192268022
  0.7777777787   0.7222195165   0.0398159469	   0.7777774200   0.7222228158   0.0398208738
  0.9444573543   0.7222050653   0.1192178508	   0.9444690712   0.7222066717   0.1192266279
  0.9444432397   0.7222177004   0.0398163965	   0.9444429343   0.7222226087   0.0398208818
  0.1111162442   0.8888997241   0.1192604558	   0.1111166963   0.8889009334   0.1192521714
  0.1111090473   0.8888848557   0.0398134756	   0.1111097588   0.8888886797   0.0398211285
  0.2777749610   0.8889037882   0.1192338847	   0.2777675465   0.8889129206   0.1192390953
  0.2777760266   0.8888849179   0.0398148268	   0.2777771758   0.8888888916   0.0398202624
  0.4444293531   0.8888975342   0.1192238485	   0.4444230084   0.8889060915   0.1192315742
  0.4444432144   0.8888854958   0.0398152272	   0.4444454737   0.8888898801   0.0398198082
  0.6110929289   0.8888867899   0.1192333422	   0.6110968866   0.8888894052   0.1192388996
  0.6111105867   0.8888864894   0.0398147441	   0.6111128612   0.8888905072   0.0398202652
  0.7777675475   0.8888829876   0.1192637297	   0.7777842274   0.8888833191   0.1192521715
  0.7777772958   0.8888863901   0.0398138571	   0.7777789072   0.8888902548   0.0398211209
  0.9444556917   0.8888819200   0.1192542266	   0.9444593045   0.8888879719   0.1192577443
  0.9444441337   0.8888852465   0.0398141946	   0.9444441070   0.8888894114   0.0398215277
  0.4623807897   0.0214886085   0.2045355433	   0.4623871796   0.0214641686   0.2045509617
  0.4623687310   0.0215051539   0.2828144364	   0.4623668001   0.0215080149   0.2828111290
  0.6559438726   0.0537666355   0.2045348051	   0.6559718035   0.0537580961   0.2045501345
  0.6559142715   0.0537600553   0.2828155338	   0.6559140057   0.0537645974   0.2828108739
  0.8494949709   0.0860410913   0.2045117720	   0.8495149159   0.0860390084   0.2045205991
  0.8494606715   0.0860162235   0.2828167541	   0.8494613501   0.0860211873   0.2828096054
  0.0430218024   0.1182893278   0.2044841640	   0.0430176090   0.1182735519   0.2044991593
  0.0430071427   0.1182724065   0.2828183600	   0.0430100621   0.1182793633   0.2828088487
  0.2365425835   0.1505105452   0.2045160809	   0.2365240609   0.1504851676   0.2045206090
  0.2365604611   0.1505375758   0.2828149741	   0.2365598115   0.1505387366   0.2828095917
  0.4300968732   0.1827683705   0.2045484509	   0.4300788716   0.1827316445   0.2045689096
  0.4301091074   0.1827955041   0.2828138710	   0.4301089498   0.1827976237   0.2828113764
  0.6236692649   0.2150516065   0.2045627962	   0.6236809634   0.2150374247   0.2045939221
  0.6236575202   0.2150524595   0.2828135397	   0.6236561195   0.2150550117   0.2828122891
  0.8172374825   0.2473385579   0.2045467925	   0.8172683978   0.2473473250   0.2045689106
  0.8172038643   0.2473088104   0.2828145540	   0.8172024130   0.2473114240   0.2828113806
  0.0107807389   0.2795982809   0.2045132092	   0.0107931192   0.2795985215   0.2045232658
  0.0107503474   0.2795650835   0.2828160650	   0.0107503844   0.2795687595   0.2828099969
  0.2042829722   0.3118106712   0.2045014349	   0.2042788475   0.3118035990   0.2045114137
  0.2043025869   0.3118288912   0.2828152775	   0.2043003563   0.3118273571   0.2828097154
  0.3978190872   0.3440572027   0.2045383615	   0.3977861867   0.3440281874   0.2045501371
  0.3978494926   0.3440854547   0.2828144754	   0.3978504815   0.3440859764   0.2828108643
  0.5913811223   0.3763360622   0.2045627996	   0.5913563816   0.3763190386   0.2045939174
  0.5913979690   0.3763422428   0.2828138758	   0.5913988105   0.3763438769   0.2828122926
  0.7849556746   0.4086265082   0.2045615616	   0.7849626081   0.4086436489   0.2045939231
  0.7849475723   0.4086004909   0.2828137407	   0.7849450184   0.4086012158   0.2828122899
  0.9785196599   0.4409009073   0.2045343830	   0.9785358780   0.4409231110   0.2045509526
  0.9784945166   0.4408568520   0.2828153370	   0.9784920334   0.4408588870   0.2828111386
  0.1720595012   0.4731444701   0.2044997167	   0.1720524212   0.4731392918   0.2045119182
  0.1720412388   0.4731128369   0.2828174595	   0.1720413015   0.4731172049   0.2828103195
  0.3655634338   0.5053592100   0.2045093866	   0.3655499139   0.5053511454   0.2045168473
  0.3655925273   0.5053761029   0.2828162902	   0.3655916487   0.5053754417   0.2828104528
  0.5591061648   0.5376227269   0.2045374468	   0.5590769147   0.5376128581   0.2045509584
  0.5591390373   0.5376315541   0.2828157496	   0.5591411385   0.5376332381   0.2828111340
  0.7526720531   0.5699081613   0.2045464435	   0.7526527302   0.5699211588   0.2045689109
  0.7526883977   0.5698896359   0.2828150850	   0.7526886327   0.5698910796   0.2828113846
  0.9462434481   0.6021868339   0.2045336114	   0.9462419468   0.6022138414   0.2045501381
  0.9462381500   0.6021480227   0.2828151140	   0.9462354428   0.6021495422   0.2828108713
  0.1398000465   0.6344413819   0.2045066877	   0.1398011803   0.6344500546   0.2045168577
  0.1397851557   0.6344046729   0.2828170000	   0.1397837416   0.6344083183   0.2828104429
  0.3333391907   0.6666695049   0.2044816128	   0.3333332661   0.6666666700   0.2045025833
  0.3333362075   0.6666647136   0.2828178962	   0.3333332688   0.6666666691   0.2828103937
  0.5268598692   0.6989167714   0.2045022327	   0.5268606955   0.6989131843   0.2045119200
  0.5268820262   0.6989224063   0.2828177712	   0.5268827802   0.6989241493   0.2828103207
  0.7204089377   0.7311880409   0.2045163626	   0.7204014181   0.7311946332   0.2045232715
  0.7204294258   0.7311791666   0.2828171667	   0.7204311816   0.7311816556   0.2828099939
  0.9139704531   0.7634632445   0.2045122312	   0.9139610778   0.7634760055   0.2045206050
  0.9139786601   0.7634376458   0.2828167523	   0.9139788962   0.7634402605   0.2828096001
  0.1075332047   0.7957254143   0.2044983580	   0.1075247089   0.7957211455   0.2045114181
  0.1075279764   0.7956962320   0.2828170160	   0.1075269610   0.7956996391   0.2828097121
  0.3010865783   0.8279499025   0.2045021678	   0.3010867653   0.8279475469   0.2045119235
  0.3010794543   0.8279569142   0.2828156907	   0.3010758053   0.8279586748   0.2828103140
  0.4946405570   0.8602091723   0.2045081678	   0.4946487833   0.8601988108   0.2045168581
  0.4946253840   0.8602128184   0.2828165979	   0.4946244864   0.8602162502   0.2828104444
  0.6881906345   0.8924774678   0.2045015552	   0.6881963344   0.8924752464   0.2045114095
  0.6881709573   0.8924674166   0.2828179018	   0.6881725702   0.8924729935   0.2828097223
  0.8817138330   0.9247407406   0.2044875909	   0.8817264228   0.9247440891   0.2044991599
  0.8817197853   0.9247281959   0.2828188664	   0.8817206188   0.9247307329   0.2828088465
  0.0752613513   0.9569761981   0.2044905508	   0.0752559028   0.9569823914   0.2044991615
  0.0752718390   0.9569897533   0.2828162272	   0.0752692574   0.9569899416   0.2828088438
  0.2688145387   0.9892249766   0.2045137907	   0.2688053160   0.9892068521   0.2045232681
  0.2688201973   0.9892474358   0.2828149399	   0.2688182997   0.9892495973   0.2828099898
