-0.015041
-0.081598
-0.031610
-0.081334
-0.218564
-0.058962
-0.042232
-0.080458
-0.009737
-0.213900
-0.085352
-0.052431
-0.109548
-0.023599
-0.038303
-0.058447
-0.034074
-0.004192
 0.010762
-0.001033
 0.007638
-0.002607
 0.004720
 0.003665
 0.007436
 0.005489
 0.006019
 0.007408
 0.004157
 0.000217
 0.005121
 0.002403
 0.006257
 0.001386
 0.004737
 0.005229
 0.007796
 0.004855
 0.011942
 0.006777
 0.009050
 0.004445
 0.005122
 0.002284
 0.001923
 0.006967
 0.004832
 0.006723
 0.008640
-0.002311
-0.011633
 0.005867
-0.011196
-0.002860
-0.026914
-0.081114
-0.157630
-0.062547
-0.014777
-0.130838
-0.137860
-0.128003
-0.289797
-0.007254
 0.005015
-0.010716
 0.003893
 0.008357
 0.005519
-0.008478
 0.010797
 0.002715
-0.006558
 0.003435
-0.006073
 0.001335
 0.011429
 0.005359
-0.001513
 0.012060
 0.007297
-0.027764
-0.088156
-0.021111
-0.093183
-0.186550
-0.025682
-0.036443
-0.045590
-0.002409
-0.123845
-0.041900
-0.012413
-0.062681
-0.016943
-0.011405
-0.019729
-0.017204
-0.003438
 0.010525
 0.001280
 0.004487
-0.000951
 0.008201
 0.004549
 0.006438
 0.004827
 0.002074
 0.008563
 0.004583
-0.001780
 0.006174
-0.000371
 0.004672
-0.001397
 0.003691
 0.006712
 0.011081
 0.006384
 0.011224
 0.010457
 0.012015
 0.002159
 0.006057
 0.001715
 0.002738
 0.006140
 0.002603
 0.004969
 0.010090
-0.027979
-0.029912
 0.007233
-0.031316
-0.018266
-0.080897
-0.131810
-0.246716
-0.107559
-0.014982
-0.177310
-0.232455
-0.165903
-0.305766
-0.172529
-0.179413
-0.305158
-0.157077
-0.017303
-0.198609
-0.297572
-0.175517
-0.248620
-0.001022
 0.000906
 0.000432
 0.000562
 0.013393
 0.005318
 0.005527
 0.011420
 0.009305
-0.033004
-0.073690
-0.007473
-0.082149
-0.130360
-0.001001
-0.024458
-0.018173
 0.000698
-0.048610
-0.014049
-0.001296
-0.024106
-0.007680
 0.001689
-0.004136
-0.005551
 0.001921
 0.004036
 0.002433
-0.002897
 0.003927
-0.004165
-0.000621
-0.001955
-0.002395
-0.007486
 0.013761
 0.006618
 0.008136
 0.012513
 0.012302
 0.001672
 0.004038
 0.001435
 0.002785
 0.004274
 0.000377
-0.001870
 0.008830
-0.066712
-0.054243
 0.002359
-0.062300
-0.033941
 0.003025
-0.009446
-0.014231
 0.000380
-0.119337
-0.079031
-0.009533
-0.096100
-0.042717
-0.267703
-0.200823
-0.296143
-0.190405
-0.022140
-0.182144
-0.293396
-0.149855
-0.149017
 0.003776
-0.000025
 0.005336
 0.000028
 0.013569
 0.004766
 0.008412
 0.010222
 0.007215
-0.026608
-0.048518
 0.004681
-0.055741
-0.074253
 0.009192
-0.011448
-0.004316
 0.003898
-0.006868
-0.000489
-0.001809
 0.000030
 0.000284
 0.006161
-0.000135
 0.002926
 0.009561
-0.002920
-0.004565
-0.010037
-0.001668
-0.009071
-0.015272
-0.002355
-0.016538
-0.052281
 0.011788
 0.006507
 0.001211
 0.012309
 0.010464
 0.001949
-0.001741
 0.002994
-0.000487
 0.001342
-0.030905
-0.027410
-0.020710
-0.175708
-0.092234
-0.024966
-0.116588
-0.038250
-0.314862
-0.183395
-0.223325
-0.190699
-0.026466
-0.135107
-0.223421
-0.105050
-0.060811
 0.005364
 0.000914
 0.006557
-0.000641
 0.011499
 0.004511
 0.007463
 0.008178
 0.003965
-0.012515
-0.024630
 0.011043
-0.029106
-0.032764
 0.008921
-0.000846
 0.000690
 0.007599
 0.004481
 0.004436
-0.001358
 0.010067
 0.005411
 0.006612
 0.001376
 0.006805
 0.012510
 0.003214
 0.008709
 0.003585
 0.006720
 0.014477
 0.003056
 0.003071
-0.000203
 0.004249
-0.007112
-0.017937
-0.032984
-0.012786
-0.013434
-0.042484
-0.015531
-0.042422
-0.129044
 0.004716
 0.006537
-0.006959
 0.009554
 0.008223
 0.002994
-0.008543
 0.005955
-0.004033
-0.004172
-0.058316
-0.034284
-0.052446
-0.213921
-0.085071
-0.038008
-0.109630
-0.023450
-0.289740
-0.137791
-0.128135
-0.157730
-0.026851
-0.080884
-0.130733
-0.062871
-0.014829
 0.005252
 0.001432
 0.004632
 0.000147
 0.007316
 0.004301
 0.006188
 0.005005
 0.002454
 0.002583
-0.008433
 0.010778
-0.010921
-0.007244
 0.005095
 0.005655
 0.003722
 0.008434
 0.001873
 0.005254
 0.002140
 0.011994
 0.007883
 0.004846
 0.004509
 0.006676
 0.009061
 0.006090
 0.007566
 0.005293
 0.007658
 0.010637
-0.001000
 0.003744
-0.002764
 0.004761
-0.009672
-0.042019
-0.080551
-0.031914
-0.015080
-0.081494
-0.058881
-0.081574
-0.218486
 0.000000
 0.000000
 0.000000
 0.000000
 0.000000
 0.000000
 0.000000
 0.000000
 0.000000
 0.005728
 0.004681
 0.008009
 0.005270
 0.006481
-0.001962
 0.005623
-0.001777
 0.009258
-0.002659
-0.074566
-0.104910
-0.051922
-0.042088
-0.153728
-0.087960
-0.158837
-0.272258
-0.029847
 0.009078
-0.034800
 0.003039
 0.006104
 0.001140
-0.032296
 0.011488
-0.022991
-0.008291
-0.034260
-0.017677
-0.029372
-0.139671
-0.031862
-0.016604
-0.052074
-0.011931
-0.259505
-0.161581
-0.076764
-0.185665
-0.059819
-0.066180
-0.087641
-0.056436
 0.004026
 0.007309
-0.001121
 0.002017
-0.000850
 0.005128
 0.005076
 0.003491
 0.003965
 0.000122
 0.013963
 0.002733
 0.010324
-0.000927
 0.001769
 0.002391
 0.008694
 0.003267
 0.008430
 0.003490
 0.005677
 0.010241
 0.004041
 0.009200
 0.002592
 0.003097
-0.000758
 0.004865
 0.008004
 0.003560
 0.009695
 0.005613
-0.003441
-0.008375
 0.006185
-0.006609
 0.005218
-0.026103
-0.134974
-0.190267
-0.105090
-0.060384
-0.222945
-0.183271
-0.223512
-0.314066
-0.032100
 0.008572
-0.029021
 0.001118
 0.007374
-0.000447
-0.024232
 0.010650
-0.012008
-0.013162
-0.041857
-0.013059
-0.042420
-0.128251
-0.015682
-0.017767
-0.032277
-0.007073
-0.174866
-0.092165
-0.021072
-0.116062
-0.037765
-0.025192
-0.030268
-0.027362
 0.001353
 0.014872
 0.003372
 0.006445
-0.000050
 0.004744
 0.002796
 0.009092
 0.003949
 0.003001
 0.011272
 0.004731
-0.000003
 0.007821
 0.004287
 0.008025
 0.000643
 0.006581
 0.005964
 0.005680
 0.006314
 0.010671
 0.006716
 0.012351
 0.001994
 0.004448
-0.001604
 0.005197
 0.007340
 0.006264
 0.005510
 0.008572
 0.013013
 0.001097
 0.002052
-0.000582
-0.000242
 0.007896
 0.002873
 0.007098
 0.006406
-0.022609
-0.018955
 0.005384
-0.019382
-0.004076
-0.094993
-0.209301
-0.271868
-0.177232
-0.081115
-0.269806
-0.275965
-0.257385
-0.283295
-0.024645
 0.005487
-0.017336
-0.000828
 0.009433
-0.001079
-0.011331
 0.009769
-0.002926
-0.015829
-0.038723
-0.004775
-0.043444
-0.095836
-0.001270
-0.015068
-0.015207
-0.002374
-0.089290
-0.041149
 0.000096
-0.056810
-0.018327
-0.004691
-0.005945
-0.010449
 0.000868
 0.010666
 0.002938
-0.001811
 0.007716
 0.000444
 0.004710
-0.001190
 0.001846
 0.000933
 0.004263
-0.003034
-0.005281
 0.004051
-0.006719
-0.009411
 0.001323
-0.013166
-0.030924
 0.004797
 0.005940
-0.005973
 0.008319
 0.011222
 0.001095
-0.006069
 0.002609
-0.011872
 0.005319
 0.000512
-0.001027
 0.005951
-0.053012
-0.031365
 0.002120
-0.039610
-0.013947
-0.198168
-0.266889
-0.302215
-0.244916
-0.095893
-0.265518
-0.312983
-0.239176
-0.188471
-0.011884
 0.001779
-0.005773
-0.002485
 0.011123
 0.000566
-0.000956
 0.009107
 0.000273
-0.012926
-0.026543
 0.003849
-0.032759
-0.057073
 0.006004
-0.008853
-0.005988
 0.003921
-0.028904
-0.011029
 0.001606
-0.016420
-0.002811
 0.004219
-0.000368
 0.001124
 0.007702
-0.002364
-0.014818
-0.015231
-0.005065
-0.015873
-0.038648
-0.001315
-0.043625
-0.095723
-0.003893
 0.005445
-0.019501
 0.006960
 0.007945
 0.003019
-0.018767
 0.006336
-0.022603
 0.000909
-0.005798
-0.010653
 0.000080
-0.089279
-0.040869
-0.004505
-0.056841
-0.018095
-0.283216
-0.275956
-0.257516
-0.272134
-0.094959
-0.209070
-0.269561
-0.177617
-0.081137
 0.000990
-0.001177
 0.001748
-0.001852
 0.010558
 0.003191
 0.004669
 0.007515
 0.000511
-0.002990
-0.011295
 0.009590
-0.017499
-0.024595
 0.005525
-0.000873
-0.000885
 0.009452
-0.000210
 0.002238
-0.000710
 0.005565
 0.007478
 0.006298
 0.001204
 0.008418
 0.013040
 0.001792
 0.006756
 0.005323
 0.004173
 0.011058
 0.001477
 0.004243
-0.000619
 0.008632
-0.002343
-0.036530
-0.044949
-0.021120
-0.027380
-0.087671
-0.025993
-0.093135
-0.185805
-0.017804
 0.006784
-0.030818
 0.005411
 0.005878
 0.003058
-0.029838
 0.009803
-0.027235
-0.003524
-0.019064
-0.016972
-0.012499
-0.123101
-0.042009
-0.011754
-0.062033
-0.016651
-0.304912
-0.232692
-0.165745
-0.246136
-0.080490
-0.132000
-0.176923
-0.107316
-0.014758
 0.007388
-0.001657
 0.003753
-0.001139
 0.008441
 0.004546
 0.005284
 0.006018
-0.000141
 0.007832
-0.001120
 0.011703
-0.005837
-0.006027
 0.003025
 0.005463
 0.001887
 0.011153
 0.003336
 0.005932
 0.001573
 0.011770
 0.011271
 0.006087
 0.002720
 0.010567
 0.011846
 0.000520
 0.006105
 0.007691
 0.001924
 0.006515
 0.001764
 0.000383
-0.002404
 0.007489
 0.001751
 0.004373
 0.007539
 0.002932
 0.006850
 0.002062
 0.005738
 0.000723
 0.012955
 0.006159
-0.052760
-0.052010
-0.029950
-0.062058
-0.143057
-0.036658
-0.154088
-0.212609
-0.057959
 0.005808
-0.075765
-0.001868
 0.004535
-0.003518
-0.068346
 0.009199
-0.063858
-0.003606
-0.010782
-0.008225
-0.006823
-0.064336
-0.012976
-0.001065
-0.024740
-0.009241
-0.247412
-0.231731
-0.092854
-0.251488
-0.127643
-0.094412
-0.111003
-0.082061
 0.012022
 0.005263
-0.002695
 0.000355
-0.000872
 0.003136
 0.005299
 0.001677
 0.003480
-0.001925
 0.015488
 0.007380
 0.011180
 0.002832
 0.002026
 0.001244
 0.008751
 0.003105
 0.010475
 0.001092
 0.006569
 0.004412
 0.009727
 0.014995
 0.006169
 0.003300
 0.011950
 0.007890
 0.010118
 0.004961
 0.002657
 0.008918
 0.009038
 0.008842
 0.003523
 0.007584
 0.001643
 0.000178
 0.006813
 0.006889
 0.003102
 0.009203
 0.000641
 0.001761
-0.002845
 0.004740
 0.006562
 0.002933
 0.011534
 0.003334
 0.004956
 0.000928
 0.006518
 0.002504
 0.014674
 0.007170
-0.104349
-0.113607
-0.074950
-0.101738
-0.224899
-0.109067
-0.235276
-0.269767
-0.074584
 0.009089
-0.072871
-0.002535
 0.004440
-0.008916
-0.065964
 0.007192
-0.046866
-0.007677
-0.015825
-0.006202
-0.013464
-0.066253
-0.008100
-0.003747
-0.018250
-0.007577
-0.194152
-0.149723
-0.029718
-0.171965
-0.081467
-0.037880
-0.043944
-0.036932
 0.009507
 0.008390
-0.002566
-0.000501
 0.001183
 0.001805
 0.005845
 0.001990
 0.002394
 0.000362
 0.016910
 0.006173
 0.008456
 0.002401
 0.001861
 0.002258
 0.009474
 0.004285
 0.004631
 0.013829
 0.004758
-0.000555
 0.010529
 0.006869
 0.007897
 0.000292
 0.005184
 0.003126
 0.000071
 0.006486
-0.000621
 0.002819
 0.009688
-0.000733
-0.000331
-0.001615
-0.007538
 0.010691
 0.001448
 0.012038
 0.003192
-0.001179
-0.001737
 0.006883
 0.000689
 0.011465
-0.022387
-0.182297
-0.190913
-0.149883
-0.149581
-0.293646
-0.200431
-0.296612
-0.268378
-0.074882
 0.009603
-0.056075
-0.004901
 0.004159
-0.011567
-0.048925
 0.004982
-0.027267
-0.009329
-0.015904
-0.001654
-0.016561
-0.052983
-0.002069
-0.004477
-0.010702
-0.002954
-0.120121
-0.079008
 0.000599
-0.096721
-0.043166
-0.009072
-0.010068
-0.014589
 0.003247
 0.010884
 0.000832
-0.001878
 0.008664
 0.000704
-0.000385
 0.001401
-0.005731
-0.011188
-0.002327
 0.003927
-0.015795
 0.001156
 0.007526
 0.000375
-0.010958
 0.001302
-0.028084
 0.011006
 0.001807
 0.008320
 0.002239
-0.011124
-0.005987
 0.005569
-0.005368
 0.005282
-0.095373
-0.265275
-0.244690
-0.239069
-0.187827
-0.312806
-0.266585
-0.302295
-0.197515
-0.056288
 0.005608
-0.032773
-0.005357
 0.003722
-0.008544
-0.025982
 0.003438
-0.012478
-0.006313
-0.008841
 0.003594
-0.013128
-0.030133
 0.001016
-0.002786
-0.004617
 0.004019
-0.052194
-0.031231
 0.005574
-0.039052
-0.013410
 0.001757
 0.001192
-0.000905
 0.005156
 0.003783
-0.008831
-0.005350
 0.003672
-0.012460
-0.026008
 0.005603
-0.032589
-0.056388
-0.013577
 0.001662
-0.039018
-0.000692
 0.005091
 0.001114
-0.031479
 0.005672
-0.052215
 0.007483
 0.000275
 0.001294
 0.001390
-0.028151
-0.011155
 0.003813
-0.015781
-0.002515
-0.187775
-0.313088
-0.238733
-0.301856
-0.197608
-0.266901
-0.265287
-0.244599
-0.095451
-0.030204
 0.001016
-0.013060
-0.004630
 0.004106
-0.003032
-0.008861
 0.003918
-0.006351
 0.000707
-0.000410
 0.008818
-0.005596
-0.011231
 0.001407
 0.000572
-0.001853
 0.010898
-0.011161
-0.006185
 0.002350
-0.005365
 0.005083
 0.005531
 0.001635
 0.008510
 0.010984
 0.000873
-0.024792
-0.018822
-0.007018
-0.033484
-0.074230
-0.000686
-0.082222
-0.131165
-0.034599
 0.002746
-0.062752
-0.002017
 0.004489
-0.000249
-0.054471
 0.009220
-0.067435
 0.001933
-0.004819
-0.005506
-0.001027
-0.049413
-0.014058
 0.001856
-0.024788
-0.008043
-0.249251
-0.297986
-0.175170
-0.305364
-0.173236
-0.179343
-0.198965
-0.157375
-0.017611
-0.008231
-0.001665
-0.002412
-0.003577
 0.004164
 0.002225
-0.001257
 0.004278
-0.004491
 0.008874
 0.005046
 0.011829
 0.000373
-0.001657
 0.001192
 0.005042
 0.000056
 0.013676
 0.002052
 0.003945
 0.001771
 0.007574
 0.013385
 0.006989
 0.000993
 0.012512
 0.012517
-0.000177
 0.006245
 0.003989
 0.001535
 0.002860
 0.001083
-0.001912
-0.002045
 0.008070
 0.005432
-0.028112
-0.018083
-0.007126
-0.063691
-0.108044
-0.003057
-0.118775
-0.139252
-0.080083
-0.010159
-0.127774
-0.015785
 0.006852
-0.016015
-0.112396
-0.001371
-0.122957
 0.003692
-0.002657
-0.001060
-0.002470
-0.015341
-0.002627
 0.005603
-0.004802
-0.004636
-0.183177
-0.258348
-0.091634
-0.272999
-0.211320
-0.111638
-0.118642
-0.104414
 0.013440
-0.016860
-0.002801
-0.004294
-0.004567
-0.002252
 0.002764
-0.004523
 0.000670
-0.004977
 0.013099
 0.009286
 0.010850
 0.006221
 0.002107
 0.001803
 0.006859
 0.002951
 0.011329
 0.003408
 0.004508
 0.003372
 0.006843
 0.016638
 0.006936
 0.002149
 0.013081
 0.007878
-0.002613
 0.007024
 0.002230
 0.001176
 0.004139
-0.001319
-0.000645
-0.002650
 0.002272
 0.002601
 0.002261
 0.009601
 0.003804
 0.002529
 0.003964
 0.006823
 0.002922
 0.015083
 0.013964
-0.060512
-0.052078
-0.035127
-0.117047
-0.184373
-0.043769
-0.199551
-0.195281
-0.118940
-0.006559
-0.137515
-0.017272
 0.008446
-0.024211
-0.124235
-0.004306
-0.100321
-0.001918
-0.005570
-0.001653
-0.003581
-0.020778
-0.003167
 0.004429
-0.006699
-0.005659
-0.170739
-0.187284
-0.035146
-0.206499
-0.142175
-0.044457
-0.056339
-0.046048
 0.015441
 0.002097
-0.002243
-0.001732
-0.000341
-0.001308
 0.006179
-0.001266
 0.001711
-0.000410
 0.015387
 0.007461
 0.009729
 0.004863
-0.000848
 0.003775
 0.007918
 0.004352
 0.006142
 0.011322
 0.007085
 0.002905
 0.010828
 0.013121
 0.009300
 0.001877
 0.006120
 0.002143
-0.004547
 0.005793
-0.004733
-0.001236
 0.003770
-0.002606
-0.002520
-0.002540
-0.015256
 0.007868
 0.002335
 0.012929
 0.003222
 0.003445
 0.004630
 0.006869
 0.006857
 0.016774
 0.013529
-0.118570
-0.104504
-0.091899
-0.183321
-0.258033
-0.111409
-0.273402
-0.211089
-0.139091
-0.003031
-0.119070
-0.018107
 0.005445
-0.027875
-0.107906
-0.007358
-0.063807
-0.004907
-0.004513
 0.000363
-0.004310
-0.016771
-0.002761
 0.002963
-0.004517
-0.002331
-0.122999
-0.112157
-0.001519
-0.127942
-0.079911
-0.010026
-0.015954
-0.015999
 0.006938
 0.008103
-0.001828
-0.002162
 0.004051
-0.000201
 0.006358
 0.001102
 0.001378
 0.002954
 0.013415
 0.005081
 0.000657
 0.011522
 0.009323
 0.005550
 0.000824
 0.000558
-0.001085
-0.007796
 0.001518
-0.024174
-0.005299
 0.001828
-0.004185
-0.014244
-0.001225
-0.048685
 0.012330
 0.001547
 0.012666
 0.001554
 0.002726
 0.003864
 0.006679
 0.008128
 0.013611
-0.017307
-0.198811
-0.156799
-0.175110
-0.248579
-0.297853
-0.179428
-0.304973
-0.172633
-0.130467
-0.001068
-0.081996
-0.018137
 0.000711
-0.024661
-0.073826
-0.007134
-0.032955
-0.004245
-0.000643
 0.004144
-0.002322
-0.007530
-0.001927
 0.002150
-0.002929
 0.004083
-0.066635
-0.054495
 0.008894
-0.062142
-0.034191
 0.002242
 0.000204
-0.001687
 0.004210
 0.009716
-0.001194
-0.001408
 0.010063
-0.003463
-0.011762
 0.005864
-0.017584
-0.025295
-0.018647
-0.004243
-0.057497
-0.010667
 0.001042
-0.006528
-0.040992
 0.000356
-0.090095
 0.013206
 0.000527
 0.008433
-0.000422
-0.000952
 0.002182
 0.006625
 0.004931
 0.007101
-0.081516
-0.270084
-0.177435
-0.257456
-0.284043
-0.275998
-0.209056
-0.272520
-0.095442
-0.096552
-0.001007
-0.043625
-0.015875
-0.002279
-0.015038
-0.039289
-0.004670
-0.016263
 0.000130
 0.004082
 0.007895
 0.001730
 0.000297
-0.000873
 0.002948
-0.002487
 0.010788
-0.023334
-0.018941
 0.006689
-0.019967
-0.004469
 0.005800
 0.002328
 0.006804
 0.008152
 0.003958
-0.011265
-0.004404
 0.004506
-0.026764
-0.048410
 0.009202
-0.056006
-0.074117
-0.042500
-0.009362
-0.096276
-0.014351
 0.003100
-0.009316
-0.078797
 0.000238
-0.119348
 0.009578
-0.000037
 0.002724
-0.001883
-0.006791
-0.000319
 0.006226
 0.000084
 0.000422
-0.148967
-0.293280
-0.149984
-0.296410
-0.267638
-0.200568
-0.181876
-0.190695
-0.022069
-0.052194
-0.002360
-0.016632
-0.009992
-0.002994
-0.004280
-0.015265
-0.001955
-0.009011
 0.007231
 0.008385
 0.010103
 0.005231
 0.003804
-0.000001
 0.004992
 0.000007
 0.013556
-0.000490
-0.001589
 0.002886
 0.001161
 0.011920
 0.006492
 0.002087
 0.012138
 0.010463
 0.001790
 0.005958
 0.000530
 0.002441
 0.000284
 0.001309
-0.002361
-0.000487
 0.007760
 0.004700
-0.009250
-0.003117
 0.007465
-0.047582
-0.066200
 0.009540
-0.073274
-0.075169
-0.081898
-0.037454
-0.172579
-0.037266
 0.009610
-0.044393
-0.149621
-0.029544
-0.195027
 0.001420
 0.002597
 0.002229
 0.003728
 0.004892
 0.009333
 0.005827
 0.008791
 0.016489
 0.009307
 0.000049
 0.003035
-0.002755
 0.004108
 0.001918
 0.007077
 0.006274
 0.000022
-0.102256
-0.225192
-0.074921
-0.235457
-0.270491
-0.108821
-0.104357
-0.114239
 0.007036
-0.066950
-0.007933
-0.013495
-0.018891
-0.007658
-0.003556
-0.016456
-0.006260
-0.007790
 0.008719
 0.008295
 0.009228
 0.007443
 0.001109
 0.003833
 0.004931
 0.002012
 0.010372
 0.004360
 0.000873
 0.003586
 0.002035
 0.014335
 0.006806
 0.002482
 0.011192
 0.006776
 0.003102
 0.004140
 0.003500
 0.003314
 0.015490
 0.006426
 0.002884
 0.009762
 0.002320
-0.001281
 0.006209
 0.000349
 0.001505
-0.000280
-0.000626
-0.002396
-0.001798
 0.002823
 0.008320
-0.023778
-0.016925
-0.004714
-0.099693
-0.123835
-0.006891
-0.137318
-0.118149
-0.141396
-0.044746
-0.206309
-0.045639
 0.015427
-0.055790
-0.186894
-0.035559
-0.170121
-0.000270
 0.003560
 0.004971
 0.004817
 0.005858
 0.008156
 0.007862
 0.009366
 0.015736
 0.004170
-0.000674
 0.001009
-0.002802
 0.002982
-0.000717
 0.006900
 0.002924
-0.002483
-0.116421
-0.183952
-0.035515
-0.199360
-0.194528
-0.044073
-0.060054
-0.051615
 0.013944
-0.020041
-0.003291
-0.003721
-0.005966
-0.005536
 0.004470
-0.004896
-0.001831
-0.001760
 0.005844
 0.007980
 0.004913
 0.009369
 0.015765
 0.007872
 0.003456
 0.005028
-0.000374
-0.005539
 0.004258
-0.006066
-0.001572
-0.001868
-0.004932
-0.003365
-0.003647
-0.020134
 0.015361
 0.006508
 0.003348
 0.009891
 0.002363
 0.002711
 0.004051
 0.003614
 0.003101
 0.015370
-0.055969
-0.045519
-0.035295
-0.170035
-0.187134
-0.044831
-0.206039
-0.141580
-0.194684
-0.044229
-0.199132
-0.051464
 0.013878
-0.060204
-0.184160
-0.035284
-0.116389
-0.000380
-0.000653
 0.001692
-0.001729
 0.002761
-0.002432
 0.005996
 0.000261
-0.001264
-0.099512
-0.124084
-0.004556
-0.137003
-0.118403
-0.006988
-0.023916
-0.016788
 0.008231
 0.002892
-0.000812
-0.002746
 0.002876
-0.002494
 0.006826
-0.000683
 0.001226
 0.004135
 0.010688
 0.008461
 0.002659
 0.011525
 0.015120
 0.006980
 0.001508
 0.002734
 0.001455
-0.009504
-0.001011
-0.025467
-0.008078
-0.003654
-0.011463
-0.012954
-0.006707
-0.065114
 0.012500
 0.006071
 0.000447
 0.007287
 0.001990
 0.003818
 0.001872
 0.003237
 0.006351
 0.008143
 0.002639
 0.011928
 0.004704
 0.000453
 0.006486
 0.006562
 0.009206
 0.014660
 0.011903
-0.111551
-0.082179
-0.092528
-0.248219
-0.231919
-0.094168
-0.251845
-0.128233
-0.213455
-0.036444
-0.154064
-0.052530
 0.006140
-0.053011
-0.143593
-0.029607
-0.062542
-0.002184
 0.001015
 0.003744
 0.000394
 0.004582
-0.002489
 0.005155
-0.001572
 0.003210
-0.064491
-0.068654
 0.009588
-0.076000
-0.058677
 0.006184
-0.004119
-0.002221
 0.004718
 0.006822
 0.000433
-0.002244
 0.007045
 0.000382
 0.006302
 0.001162
 0.002044
 0.006582
 0.011192
 0.005657
 0.001759
 0.011675
 0.007732
-0.001104
 0.003099
-0.006013
-0.005998
-0.016513
-0.011491
-0.062093
-0.017174
-0.003442
-0.018993
-0.041851
-0.012618
-0.123047
 0.008688
 0.004272
-0.000713
 0.005138
 0.001847
 0.006877
 0.001540
 0.004183
 0.010971
 0.011828
 0.002834
 0.010407
 0.001411
 0.003374
 0.006068
 0.006043
 0.011809
 0.011379
-0.014717
-0.176813
-0.107434
-0.165934
-0.304978
-0.232366
-0.131677
-0.246418
-0.080334
-0.185703
-0.026002
-0.093318
-0.044945
-0.002359
-0.036259
-0.087589
-0.021425
-0.027451
-0.000078
 0.005222
 0.005813
 0.003689
 0.007416
-0.001640
 0.004730
-0.001161
 0.008346
-0.027319
-0.029674
 0.009722
-0.030983
-0.017707
 0.006854
 0.003147
 0.005208
 0.005937
 0.007337
-0.000661
 0.001221
 0.010737
-0.011909
-0.024281
 0.008477
-0.028782
-0.032174
-0.037910
-0.025390
-0.115996
-0.027084
 0.001281
-0.030300
-0.092386
-0.020989
-0.174890
 0.004708
 0.002735
 0.000090
 0.004098
 0.002937
 0.008924
 0.003350
 0.006397
 0.014948
 0.012355
 0.001954
 0.006847
-0.001501
 0.005157
 0.004293
 0.006297
 0.010628
 0.005566
-0.060281
-0.223162
-0.104737
-0.223095
-0.314161
-0.183473
-0.135036
-0.190152
-0.026165
-0.128308
-0.015794
-0.042401
-0.032284
-0.007058
-0.018044
-0.041954
-0.012725
-0.013187
 0.004229
 0.008034
 0.007916
 0.006665
 0.005979
 0.000605
 0.004501
 0.000021
 0.011313
-0.003374
-0.008497
 0.005672
-0.006490
 0.005089
 0.006141
 0.003405
 0.009899
 0.007946
 0.007000
-0.001725
 0.004999
-0.001523
 0.009724
 0.005296
 0.005180
 0.008238
 0.005519
 0.005010
 0.005190
-0.000192
 0.003689
 0.000332
 0.004103
-0.001316
 0.001988
 0.007935
 0.005878
 0.001558
 0.003305
 0.011086
-0.022452
-0.031987
 0.008696
-0.034610
-0.029238
-0.059265
-0.066276
-0.185259
-0.056274
 0.004134
-0.087006
-0.161362
-0.077073
-0.258757
 0.002303
 0.002153
-0.000799
 0.003631
 0.008195
 0.009011
 0.003070
 0.009991
 0.014375
 0.009096
 0.003216
 0.003936
-0.000983
 0.005465
 0.003076
 0.005406
 0.010855
 0.003681
-0.041714
-0.153183
-0.052106
-0.158783
-0.271470
-0.088105
-0.074297
-0.104353
-0.002481
-0.138856
-0.031985
-0.029578
-0.051426
-0.011692
-0.016589
-0.033633
-0.017829
-0.008130
-0.064404
-0.013134
-0.006840
-0.024796
-0.009327
-0.001277
-0.010865
-0.007958
-0.003652
 0.006899
 0.001988
 0.002988
 0.000793
 0.012860
 0.005771
 0.004225
 0.007702
 0.001731
 0.003233
 0.005095
-0.000895
 0.003689
-0.002032
 0.001692
-0.002718
 0.000437
 0.005208
 0.014859
 0.006243
 0.009687
 0.012060
 0.007932
 0.003150
 0.006449
 0.004567
 0.001090
 0.004472
-0.003695
-0.001776
 0.009314
-0.063782
-0.068517
 0.005705
-0.075498
-0.058131
-0.127777
-0.094620
-0.251272
-0.081778
 0.011967
-0.111122
-0.231887
-0.092724
-0.247433
 0.002004
 0.001179
 0.002966
 0.003181
 0.010416
 0.008531
 0.007381
 0.011169
 0.015529
 0.006481
 0.001767
 0.002035
-0.002310
 0.007466
 0.000273
 0.006029
 0.007633
 0.000478
-0.061890
-0.143251
-0.029647
-0.153737
-0.212798
-0.036705
-0.052886
-0.051921
 0.006088
-0.064295
-0.108379
-0.006950
-0.119084
-0.139924
-0.002625
-0.028286
-0.018660
 0.005557
-0.016022
-0.002474
-0.002378
-0.005403
-0.004804
 0.005915
-0.003266
-0.001145
 0.003801
-0.002272
 0.002871
-0.005220
 0.000663
-0.005135
-0.005142
-0.002582
-0.004278
-0.017543
 0.016374
 0.007239
 0.006382
 0.012840
 0.008102
 0.001661
 0.004538
 0.003554
 0.002830
 0.007048
-0.016529
-0.016291
-0.001070
-0.123763
-0.112415
-0.009668
-0.128307
-0.080557
-0.211887
-0.111368
-0.273463
-0.104864
 0.013382
-0.118941
-0.258386
-0.091697
-0.183993
 0.001592
 0.002154
 0.006075
 0.002345
 0.011575
 0.006820
 0.008819
 0.011182
 0.012747
 0.002876
 0.000415
 0.001539
-0.002028
 0.007466
-0.001741
 0.006406
 0.003320
-0.000263
 0.000420
 0.001932
 0.002202
-0.000576
 0.008450
-0.002512
 0.005935
 0.001187
 0.001722
-0.046984
-0.065812
 0.006998
-0.073093
-0.074478
 0.009171
-0.008811
-0.002668
 0.004492
 0.004770
 0.001904
-0.002957
 0.006977
 0.000251
 0.006912
 0.000700
 0.002942
 0.009283
 0.004652
 0.009651
 0.004160
 0.008487
 0.016869
 0.006179
 0.002340
 0.002309
 0.001915
-0.007551
-0.003454
-0.018225
-0.006464
-0.007596
-0.015777
-0.008082
-0.013557
-0.066160
 0.014776
 0.006470
 0.002439
 0.011352
 0.006570
 0.003080
 0.001058
 0.003264
 0.004954
 0.009569
-0.043805
-0.037080
-0.029807
-0.194258
-0.149381
-0.037647
-0.172188
-0.081204
-0.269630
-0.109077
-0.235504
-0.113715
 0.007192
-0.104129
-0.224679
-0.075288
-0.101853
 0.001727
 0.003603
 0.007492
 0.002581
 0.010074
 0.005137
 0.008801
 0.008842
 0.009057
 0.000249
 0.004125
 0.003813
 0.002065
 0.007952
-0.001356
 0.004996
-0.000198
 0.005066
-0.022287
-0.032099
 0.011138
-0.034368
-0.029356
 0.008616
 0.001409
 0.003492
 0.005802
 0.005441
 0.002950
-0.000860
 0.010845
 0.003620
 0.005418
 0.003209
 0.004074
 0.009098
 0.008131
 0.008849
 0.003798
 0.009973
 0.014470
 0.003058
 0.002042
-0.000673
 0.002268
-0.011745
-0.016852
-0.051459
-0.017529
-0.008171
-0.033655
-0.032087
-0.029509
-0.138932
 0.009666
 0.005273
-0.001370
 0.008430
 0.005476
 0.005051
-0.001798
 0.005017
 0.007083
 0.004117
-0.087132
-0.056030
-0.076790
-0.258739
-0.161585
-0.066430
-0.185076
-0.059384
-0.271522
-0.088313
-0.158644
-0.104243
-0.002532
-0.074570
-0.153354
-0.051857
-0.041701
 0.002192
 0.005608
 0.005323
 0.004633
 0.004656
 0.001634
 0.004155
-0.000477
 0.007527
-0.002940
-0.011792
 0.008957
-0.011618
-0.003334
 0.006255
 0.004484
 0.006283
 0.007243
 0.008635
 0.005275
 0.003392
 0.011118
 0.002109
-0.008756
 0.005404
-0.011064
-0.007777
-0.023876
-0.038006
-0.110225
-0.034264
-0.004259
-0.058959
-0.085123
-0.052360
-0.214710
 0.004279
 0.004034
-0.002894
 0.005001
 0.006305
 0.007171
-0.001260
 0.007961
 0.010197
 0.009221
 0.003887
 0.006744
 0.002374
 0.001295
 0.005236
 0.005151
 0.011407
 0.007652
-0.015028
-0.131300
-0.062707
-0.127894
-0.290594
-0.137695
-0.080830
-0.158253
-0.027193
-0.219283
-0.058838
-0.081443
-0.081104
-0.009908
-0.042111
-0.082136
-0.031780
-0.015332
-0.006558
 0.001335
-0.001513
 0.003435
 0.011429
 0.012060
-0.006073
 0.005359
 0.007297
-0.172529
-0.157077
-0.297572
-0.179413
-0.017303
-0.175517
-0.305158
-0.198609
-0.248620
 0.003025
 0.000380
-0.009533
-0.009446
-0.119337
-0.096100
-0.014231
-0.079031
-0.042717
 0.007340
 0.008572
 0.002052
 0.006264
 0.013013
-0.000582
 0.005510
 0.001097
-0.000242
 0.004263
 0.004051
 0.001323
-0.003034
-0.006719
-0.013166
-0.005281
-0.009411
-0.030924
 0.003102
 0.003314
 0.002884
 0.004140
 0.015490
 0.009762
 0.003500
 0.006426
 0.002320
-0.064404
-0.024796
-0.010865
-0.013134
-0.009327
-0.007958
-0.006840
-0.001277
-0.003652
-0.064295
-0.119084
-0.028286
-0.108379
-0.139924
-0.018660
-0.006950
-0.002625
 0.005557
 0.000420
-0.000576
 0.005935
 0.001932
 0.008450
 0.001187
 0.002202
-0.002512
 0.001722
-0.001022
 0.000562
 0.005527
 0.000906
 0.013393
 0.011420
 0.000432
 0.005318
 0.009305
-0.267703
-0.190405
-0.293396
-0.200823
-0.022140
-0.149855
-0.296143
-0.182144
-0.149017
 0.001342
-0.020710
-0.024966
-0.030905
-0.175708
-0.116588
-0.027410
-0.092234
-0.038250
 0.004797
 0.008319
-0.006069
 0.005940
 0.011222
 0.002609
-0.005973
 0.001095
-0.011872
-0.002364
-0.005065
-0.001315
-0.014818
-0.015873
-0.043625
-0.015231
-0.038648
-0.095723
 0.001792
 0.004173
 0.004243
 0.006756
 0.011058
-0.000619
 0.005323
 0.001477
 0.008632
-0.016022
-0.005403
-0.003266
-0.002474
-0.004804
-0.001145
-0.002378
 0.005915
 0.003801
-0.046984
-0.073093
-0.008811
-0.065812
-0.074478
-0.002668
 0.006998
 0.009171
 0.004492
 0.000249
 0.002065
 0.004996
 0.004125
 0.007952
-0.000198
 0.003813
-0.001356
 0.005066
 0.003776
 0.000028
 0.008412
-0.000025
 0.013569
 0.010222
 0.005336
 0.004766
 0.007215
-0.314862
-0.190699
-0.223421
-0.183395
-0.026466
-0.105050
-0.223325
-0.135107
-0.060811
-0.004172
-0.052446
-0.038008
-0.058316
-0.213921
-0.109630
-0.034284
-0.085071
-0.023450
 0.005728
 0.005270
 0.005623
 0.004681
 0.006481
-0.001777
 0.008009
-0.001962
 0.009258
-0.003893
 0.006960
-0.018767
 0.005445
 0.007945
 0.006336
-0.019501
 0.003019
-0.022603
-0.002343
-0.021120
-0.025993
-0.036530
-0.027380
-0.093135
-0.044949
-0.087671
-0.185805
 0.004770
 0.006977
 0.000700
 0.001904
 0.000251
 0.002942
-0.002957
 0.006912
 0.009283
-0.022287
-0.034368
 0.001409
-0.032099
-0.029356
 0.003492
 0.011138
 0.008616
 0.005802
 0.002192
 0.004633
 0.004155
 0.005608
 0.004656
-0.000477
 0.005323
 0.001634
 0.007527
-0.015041
-0.081334
-0.042232
-0.081598
-0.218564
-0.080458
-0.031610
-0.058962
-0.009737
 0.005364
-0.000641
 0.007463
 0.000914
 0.011499
 0.008178
 0.006557
 0.004511
 0.003965
-0.289740
-0.157730
-0.130733
-0.137791
-0.026851
-0.062871
-0.128135
-0.080884
-0.014829
-0.002659
-0.051922
-0.087960
-0.074566
-0.042088
-0.158837
-0.104910
-0.153728
-0.272258
 0.008004
 0.005613
 0.006185
 0.003560
-0.003441
-0.006609
 0.009695
-0.008375
 0.005218
-0.017804
 0.005411
-0.029838
 0.006784
 0.005878
 0.009803
-0.030818
 0.003058
-0.027235
 0.000520
 0.001924
 0.000383
 0.006105
 0.006515
-0.002404
 0.007691
 0.001764
 0.007489
 0.010118
 0.008918
 0.003523
 0.004961
 0.009038
 0.007584
 0.002657
 0.008842
 0.001643
 0.005441
 0.010845
 0.003209
 0.002950
 0.003620
 0.004074
-0.000860
 0.005418
 0.009098
-0.002940
-0.011618
 0.004484
-0.011792
-0.003334
 0.006283
 0.008957
 0.006255
 0.007243
-0.213900
-0.109548
-0.058447
-0.085352
-0.023599
-0.034074
-0.052431
-0.038303
-0.004192
-0.027764
-0.093183
-0.036443
-0.088156
-0.186550
-0.045590
-0.021111
-0.025682
-0.002409
 0.005252
 0.000147
 0.006188
 0.001432
 0.007316
 0.005005
 0.004632
 0.004301
 0.002454
-0.029847
 0.003039
-0.032296
 0.009078
 0.006104
 0.011488
-0.034800
 0.001140
-0.022991
-0.026103
-0.105090
-0.183271
-0.134974
-0.060384
-0.223512
-0.190267
-0.222945
-0.314066
 0.007896
 0.006406
 0.005384
 0.002873
-0.022609
-0.019382
 0.007098
-0.018955
-0.004076
 0.000178
 0.003102
 0.001761
 0.006813
 0.009203
-0.002845
 0.006889
 0.000641
 0.004740
 0.013829
 0.010529
 0.000292
 0.004758
 0.006869
 0.005184
-0.000555
 0.007897
 0.003126
 0.007000
-0.001523
 0.005180
-0.001725
 0.009724
 0.008238
 0.004999
 0.005296
 0.005519
-0.123845
-0.062681
-0.019729
-0.041900
-0.016943
-0.017204
-0.012413
-0.011405
-0.003438
-0.033004
-0.082149
-0.024458
-0.073690
-0.130360
-0.018173
-0.007473
-0.001001
 0.000698
-0.032100
 0.001118
-0.024232
 0.008572
 0.007374
 0.010650
-0.029021
-0.000447
-0.012008
-0.094993
-0.177232
-0.275965
-0.209301
-0.081115
-0.257385
-0.271868
-0.269806
-0.283295
 0.005319
 0.005951
 0.002120
 0.000512
-0.053012
-0.039610
-0.001027
-0.031365
-0.013947
 0.000071
 0.002819
-0.000331
 0.006486
 0.009688
-0.001615
-0.000621
-0.000733
-0.007538
 0.010884
 0.008664
 0.001401
 0.000832
 0.000704
-0.005731
-0.001878
-0.000385
-0.011188
 0.006899
 0.000793
 0.004225
 0.001988
 0.012860
 0.007702
 0.002988
 0.005771
 0.001731
-0.048610
-0.024106
-0.004136
-0.014049
-0.007680
-0.005551
-0.001296
 0.001689
 0.001921
-0.026608
-0.055741
-0.011448
-0.048518
-0.074253
-0.004316
 0.004681
 0.009192
 0.003898
-0.024645
-0.000828
-0.011331
 0.005487
 0.009433
 0.009769
-0.017336
-0.001079
-0.002926
-0.198168
-0.244916
-0.312983
-0.266889
-0.095893
-0.239176
-0.302215
-0.265518
-0.188471
 0.000909
 0.000080
-0.004505
-0.005798
-0.089279
-0.056841
-0.010653
-0.040869
-0.018095
-0.002327
 0.001156
-0.010958
 0.003927
 0.007526
 0.001302
-0.015795
 0.000375
-0.028084
 0.003783
 0.003672
 0.005603
-0.008831
-0.012460
-0.032589
-0.005350
-0.026008
-0.056388
-0.006868
 0.000030
-0.000135
-0.000489
 0.000284
 0.002926
-0.001809
 0.006161
 0.009561
-0.012515
-0.029106
-0.000846
-0.024630
-0.032764
 0.000690
 0.011043
 0.008921
 0.007599
-0.011884
-0.002485
-0.000956
 0.001779
 0.011123
 0.009107
-0.005773
 0.000566
 0.000273
-0.283216
-0.272134
-0.269561
-0.275956
-0.094959
-0.177617
-0.257516
-0.209070
-0.081137
-0.003524
-0.012499
-0.011754
-0.019064
-0.123101
-0.062033
-0.016972
-0.042009
-0.016651
 0.001751
 0.002932
 0.005738
 0.004373
 0.006850
 0.000723
 0.007539
 0.002062
 0.012955
-0.013577
-0.000692
-0.031479
 0.001662
 0.005091
 0.005672
-0.039018
 0.001114
-0.052215
 0.000873
-0.007018
-0.000686
-0.024792
-0.033484
-0.082222
-0.018822
-0.074230
-0.131165
 0.004481
 0.010067
 0.001376
 0.004436
 0.005411
 0.006805
-0.001358
 0.006612
 0.012510
 0.002583
-0.010921
 0.005655
-0.008433
-0.007244
 0.003722
 0.010778
 0.005095
 0.008434
-0.008291
-0.029372
-0.016604
-0.034260
-0.139671
-0.052074
-0.017677
-0.031862
-0.011931
 0.000990
-0.001852
 0.004669
-0.001177
 0.010558
 0.007515
 0.001748
 0.003191
 0.000511
-0.304912
-0.246136
-0.176923
-0.232692
-0.080490
-0.107316
-0.165745
-0.132000
-0.014758
 0.006159
-0.029950
-0.036658
-0.052760
-0.062058
-0.154088
-0.052010
-0.143057
-0.212609
 0.006562
 0.003334
 0.006518
 0.002933
 0.004956
 0.002504
 0.011534
 0.000928
 0.014674
-0.034599
-0.002017
-0.054471
 0.002746
 0.004489
 0.009220
-0.062752
-0.000249
-0.067435
-0.000177
 0.001535
-0.001912
 0.006245
 0.002860
-0.002045
 0.003989
 0.001083
 0.008070
 0.010762
-0.002607
 0.007436
-0.001033
 0.004720
 0.005489
 0.007638
 0.003665
 0.006019
 0.001873
 0.011994
 0.004509
 0.005254
 0.007883
 0.006676
 0.002140
 0.004846
 0.009061
-0.259505
-0.185665
-0.087641
-0.161581
-0.059819
-0.056436
-0.076764
-0.066180
 0.004026
-0.013162
-0.042420
-0.017767
-0.041857
-0.128251
-0.032277
-0.013059
-0.015682
-0.007073
 0.007388
-0.001139
 0.005284
-0.001657
 0.008441
 0.006018
 0.003753
 0.004546
-0.000141
-0.057959
-0.001868
-0.068346
 0.005808
 0.004535
 0.009199
-0.075765
-0.003518
-0.063858
 0.007170
-0.074950
-0.109067
-0.104349
-0.101738
-0.235276
-0.113607
-0.224899
-0.269767
 0.010691
 0.003192
 0.006883
 0.001448
-0.001179
 0.000689
 0.012038
-0.001737
 0.011465
-0.002613
 0.001176
-0.000645
 0.007024
 0.004139
-0.002650
 0.002230
-0.001319
 0.002272
 0.011322
 0.010828
 0.001877
 0.007085
 0.013121
 0.006120
 0.002905
 0.009300
 0.002143
 0.010525
-0.000951
 0.006438
 0.001280
 0.008201
 0.004827
 0.004487
 0.004549
 0.002074
 0.007309
-0.000850
 0.003491
-0.001121
 0.005128
 0.003965
 0.002017
 0.005076
 0.000122
-0.174866
-0.116062
-0.030268
-0.092165
-0.037765
-0.027362
-0.021072
-0.025192
 0.001353
-0.015829
-0.043444
-0.015068
-0.038723
-0.095836
-0.015207
-0.004775
-0.001270
-0.002374
-0.074584
-0.002535
-0.065964
 0.009089
 0.004440
 0.007192
-0.072871
-0.008916
-0.046866
-0.022387
-0.149883
-0.200431
-0.182297
-0.149581
-0.296612
-0.190913
-0.293646
-0.268378
 0.011006
 0.002239
 0.005569
 0.001807
-0.011124
-0.005368
 0.008320
-0.005987
 0.005282
-0.004547
-0.001236
-0.002520
 0.005793
 0.003770
-0.002540
-0.004733
-0.002606
-0.015256
 0.013415
 0.011522
 0.000824
 0.005081
 0.009323
 0.000558
 0.000657
 0.005550
-0.001085
-0.089290
-0.056810
-0.005945
-0.041149
-0.018327
-0.010449
 0.000096
-0.004691
 0.000868
-0.012926
-0.032759
-0.008853
-0.026543
-0.057073
-0.005988
 0.003849
 0.006004
 0.003921
-0.074882
-0.004901
-0.048925
 0.009603
 0.004159
 0.004982
-0.056075
-0.011567
-0.027267
-0.095373
-0.239069
-0.266585
-0.265275
-0.187827
-0.302295
-0.244690
-0.312806
-0.197515
 0.007483
 0.001390
 0.003813
 0.000275
-0.028151
-0.015781
 0.001294
-0.011155
-0.002515
-0.007796
-0.005299
-0.014244
 0.001518
 0.001828
-0.001225
-0.024174
-0.004185
-0.048685
 0.009716
 0.010063
 0.005864
-0.001194
-0.003463
-0.017584
-0.001408
-0.011762
-0.025295
-0.028904
-0.016420
-0.000368
-0.011029
-0.002811
 0.001124
 0.001606
 0.004219
 0.007702
-0.002990
-0.017499
-0.000873
-0.011295
-0.024595
-0.000885
 0.009590
 0.005525
 0.009452
-0.056288
-0.005357
-0.025982
 0.005608
 0.003722
 0.003438
-0.032773
-0.008544
-0.012478
-0.187775
-0.301856
-0.265287
-0.313088
-0.197608
-0.244599
-0.238733
-0.266901
-0.095451
 0.001933
-0.001027
 0.001856
-0.004819
-0.049413
-0.024788
-0.005506
-0.014058
-0.008043
-0.018647
-0.010667
-0.040992
-0.004243
 0.001042
 0.000356
-0.057497
-0.006528
-0.090095
 0.003958
 0.004506
 0.009202
-0.011265
-0.026764
-0.056006
-0.004404
-0.048410
-0.074117
-0.000210
 0.005565
 0.001204
 0.002238
 0.007478
 0.008418
-0.000710
 0.006298
 0.013040
 0.007832
-0.005837
 0.005463
-0.001120
-0.006027
 0.001887
 0.011703
 0.003025
 0.011153
-0.003606
-0.006823
-0.001065
-0.010782
-0.064336
-0.024740
-0.008225
-0.012976
-0.009241
-0.030204
-0.004630
-0.008861
 0.001016
 0.004106
 0.003918
-0.013060
-0.003032
-0.006351
-0.249251
-0.305364
-0.198965
-0.297986
-0.173236
-0.157375
-0.175170
-0.179343
-0.017611
 0.005432
-0.007126
-0.003057
-0.028112
-0.063691
-0.118775
-0.018083
-0.108044
-0.139252
 0.002601
 0.003804
 0.006823
 0.002261
 0.002529
 0.002922
 0.009601
 0.003964
 0.015083
-0.042500
-0.014351
-0.078797
-0.009362
 0.003100
 0.000238
-0.096276
-0.009316
-0.119348
 0.001790
 0.002441
-0.002361
 0.005958
 0.000284
-0.000487
 0.000530
 0.001309
 0.007760
 0.013963
-0.000927
 0.008694
 0.002733
 0.001769
 0.003267
 0.010324
 0.002391
 0.008430
 0.003336
 0.011770
 0.002720
 0.005932
 0.011271
 0.010567
 0.001573
 0.006087
 0.011846
-0.247412
-0.251488
-0.111003
-0.231731
-0.127643
-0.082061
-0.092854
-0.094412
 0.012022
-0.007677
-0.013464
-0.003747
-0.015825
-0.066253
-0.018250
-0.006202
-0.008100
-0.007577
-0.008231
-0.003577
-0.001257
-0.001665
 0.004164
 0.004278
-0.002412
 0.002225
-0.004491
-0.080083
-0.015785
-0.112396
-0.010159
 0.006852
-0.001371
-0.127774
-0.016015
-0.122957
 0.013964
-0.035127
-0.043769
-0.060512
-0.117047
-0.199551
-0.052078
-0.184373
-0.195281
 0.007868
 0.003222
 0.006869
 0.002335
 0.003445
 0.006857
 0.012929
 0.004630
 0.016774
-0.001281
 0.001505
-0.002396
 0.006209
-0.000280
-0.001798
 0.000349
-0.000626
 0.002823
 0.005844
 0.009369
 0.003456
 0.007980
 0.015765
 0.005028
 0.004913
 0.007872
-0.000374
 0.014872
-0.000050
 0.009092
 0.003372
 0.004744
 0.003949
 0.006445
 0.002796
 0.003001
 0.005263
-0.000872
 0.001677
-0.002695
 0.003136
 0.003480
 0.000355
 0.005299
-0.001925
-0.194152
-0.171965
-0.043944
-0.149723
-0.081467
-0.036932
-0.029718
-0.037880
 0.009507
-0.009329
-0.016561
-0.004477
-0.015904
-0.052983
-0.010702
-0.001654
-0.002069
-0.002954
-0.118940
-0.017272
-0.124235
-0.006559
 0.008446
-0.004306
-0.137515
-0.024211
-0.100321
 0.013529
-0.091899
-0.111409
-0.118570
-0.183321
-0.273402
-0.104504
-0.258033
-0.211089
 0.012330
 0.001554
 0.006679
 0.001547
 0.002726
 0.008128
 0.012666
 0.003864
 0.013611
-0.005539
-0.001572
-0.003365
 0.004258
-0.001868
-0.003647
-0.006066
-0.004932
-0.020134
 0.010688
 0.011525
 0.001508
 0.008461
 0.015120
 0.002734
 0.002659
 0.006980
 0.001455
 0.008390
 0.001183
 0.001990
-0.002566
 0.001805
 0.002394
-0.000501
 0.005845
 0.000362
-0.120121
-0.096721
-0.010068
-0.079008
-0.043166
-0.014589
 0.000599
-0.009072
 0.003247
-0.006313
-0.013128
-0.002786
-0.008841
-0.030133
-0.004617
 0.003594
 0.001016
 0.004019
-0.139091
-0.018107
-0.107906
-0.003031
 0.005445
-0.007358
-0.119070
-0.027875
-0.063807
-0.017307
-0.175110
-0.179428
-0.198811
-0.248579
-0.304973
-0.156799
-0.297853
-0.172633
 0.013206
-0.000422
 0.006625
 0.000527
-0.000952
 0.004931
 0.008433
 0.002182
 0.007101
 0.015361
 0.009891
 0.004051
 0.006508
 0.002363
 0.003614
 0.003348
 0.002711
 0.003101
-0.009504
-0.008078
-0.012954
-0.001011
-0.003654
-0.006707
-0.025467
-0.011463
-0.065114
 0.011192
 0.011675
 0.003099
 0.005657
 0.007732
-0.006013
 0.001759
-0.001104
-0.005998
-0.052194
-0.039052
 0.001192
-0.031231
-0.013410
-0.000905
 0.005574
 0.001757
 0.005156
 0.000707
-0.005596
 0.000572
-0.000410
-0.011231
-0.001853
 0.008818
 0.001407
 0.010898
-0.130467
-0.018137
-0.073826
-0.001068
 0.000711
-0.007134
-0.081996
-0.024661
-0.032955
-0.081516
-0.257456
-0.209056
-0.270084
-0.284043
-0.272520
-0.177435
-0.275998
-0.095442
 0.009578
-0.001883
 0.006226
-0.000037
-0.006791
 0.000084
 0.002724
-0.000319
 0.000422
 0.012500
 0.007287
 0.001872
 0.006071
 0.001990
 0.003237
 0.000447
 0.003818
 0.006351
-0.016513
-0.017174
-0.041851
-0.011491
-0.003442
-0.012618
-0.062093
-0.018993
-0.123047
 0.007337
 0.010737
 0.008477
-0.000661
-0.011909
-0.028782
 0.001221
-0.024281
-0.032174
-0.011161
-0.005365
 0.001635
-0.006185
 0.005083
 0.008510
 0.002350
 0.005531
 0.010984
 0.008874
 0.000373
 0.005042
 0.005046
-0.001657
 0.000056
 0.011829
 0.001192
 0.013676
 0.003692
-0.002470
 0.005603
-0.002657
-0.015341
-0.004802
-0.001060
-0.002627
-0.004636
-0.096552
-0.015875
-0.039289
-0.001007
-0.002279
-0.004670
-0.043625
-0.015038
-0.016263
-0.148967
-0.296410
-0.181876
-0.293280
-0.267638
-0.190695
-0.149984
-0.200568
-0.022069
 0.004700
 0.007465
 0.009540
-0.009250
-0.047582
-0.073274
-0.003117
-0.066200
-0.075169
 0.008688
 0.005138
 0.001540
 0.004272
 0.001847
 0.004183
-0.000713
 0.006877
 0.010971
-0.037910
-0.027084
-0.092386
-0.025390
 0.001281
-0.020989
-0.115996
-0.030300
-0.174890
 0.005010
 0.003689
-0.001316
 0.005190
 0.000332
 0.001988
-0.000192
 0.004103
 0.007935
 0.015488
 0.002832
 0.008751
 0.007380
 0.002026
 0.003105
 0.011180
 0.001244
 0.010475
 0.002052
 0.007574
 0.000993
 0.003945
 0.013385
 0.012512
 0.001771
 0.006989
 0.012517
-0.183177
-0.272999
-0.118642
-0.258348
-0.211320
-0.104414
-0.091634
-0.111638
 0.013440
-0.001918
-0.003581
 0.004429
-0.005570
-0.020778
-0.006699
-0.001653
-0.003167
-0.005659
-0.052194
-0.009992
-0.015265
-0.002360
-0.002994
-0.001955
-0.016632
-0.004280
-0.009011
-0.081898
-0.037266
-0.149621
-0.037454
 0.009610
-0.029544
-0.172579
-0.044393
-0.195027
 0.008320
-0.004714
-0.006891
-0.023778
-0.099693
-0.137318
-0.016925
-0.123835
-0.118149
 0.004708
 0.004098
 0.003350
 0.002735
 0.002937
 0.006397
 0.000090
 0.008924
 0.014948
 0.003233
 0.003689
-0.002718
 0.005095
-0.002032
 0.000437
-0.000895
 0.001692
 0.005208
 0.001092
 0.009727
 0.003300
 0.006569
 0.014995
 0.011950
 0.004412
 0.006169
 0.007890
 0.016910
 0.002401
 0.009474
 0.006173
 0.001861
 0.004285
 0.008456
 0.002258
 0.004631
-0.016860
-0.004567
-0.004523
-0.002801
-0.002252
 0.000670
-0.004294
 0.002764
-0.004977
-0.170739
-0.206499
-0.056339
-0.187284
-0.142175
-0.046048
-0.035146
-0.044457
 0.015441
-0.004907
-0.004310
 0.002963
-0.004513
-0.016771
-0.004517
 0.000363
-0.002761
-0.002331
 0.001420
 0.003728
 0.005827
 0.002597
 0.004892
 0.008791
 0.002229
 0.009333
 0.016489
-0.141396
-0.045639
-0.186894
-0.044746
 0.015427
-0.035559
-0.206309
-0.055790
-0.170121
 0.015370
-0.035295
-0.044831
-0.055969
-0.170035
-0.206039
-0.045519
-0.187134
-0.141580
 0.008143
 0.004704
 0.006562
 0.002639
 0.000453
 0.009206
 0.011928
 0.006486
 0.014660
 0.014859
 0.012060
 0.006449
 0.006243
 0.007932
 0.004567
 0.009687
 0.003150
 0.001090
-0.002272
 0.000663
-0.002582
 0.002871
-0.005135
-0.004278
-0.005220
-0.005142
-0.017543
 0.004652
 0.008487
 0.002340
 0.009651
 0.016869
 0.002309
 0.004160
 0.006179
 0.001915
 0.002097
-0.000341
-0.001266
-0.002243
-0.001308
 0.001711
-0.001732
 0.006179
-0.000410
-0.122999
-0.127942
-0.015954
-0.112157
-0.079911
-0.015999
-0.001519
-0.010026
 0.006938
-0.004245
-0.002322
 0.002150
-0.000643
-0.007530
-0.002929
 0.004144
-0.001927
 0.004083
-0.000270
 0.004817
 0.007862
 0.003560
 0.005858
 0.009366
 0.004971
 0.008156
 0.015736
-0.194684
-0.051464
-0.184160
-0.044229
 0.013878
-0.035284
-0.199132
-0.060204
-0.116389
 0.011903
-0.092528
-0.094168
-0.111551
-0.248219
-0.251845
-0.082179
-0.231919
-0.128233
 0.011828
 0.001411
 0.006043
 0.002834
 0.003374
 0.011809
 0.010407
 0.006068
 0.011379
 0.016374
 0.012840
 0.004538
 0.007239
 0.008102
 0.003554
 0.006382
 0.001661
 0.002830
-0.007551
-0.006464
-0.008082
-0.003454
-0.007596
-0.013557
-0.018225
-0.015777
-0.066160
 0.008131
 0.009973
 0.002042
 0.008849
 0.014470
-0.000673
 0.003798
 0.003058
 0.002268
 0.008103
 0.004051
 0.001102
-0.001828
-0.000201
 0.001378
-0.002162
 0.006358
 0.002954
-0.066635
-0.062142
 0.000204
-0.054495
-0.034191
-0.001687
 0.008894
 0.002242
 0.004210
 0.000130
 0.001730
 0.002948
 0.004082
 0.000297
-0.002487
 0.007895
-0.000873
 0.010788
-0.213455
-0.052530
-0.143593
-0.036444
 0.006140
-0.029607
-0.154064
-0.053011
-0.062542
-0.014717
-0.165934
-0.131677
-0.176813
-0.304978
-0.246418
-0.107434
-0.232366
-0.080334
 0.012355
-0.001501
 0.006297
 0.001954
 0.005157
 0.010628
 0.006847
 0.004293
 0.005566
 0.014776
 0.011352
 0.001058
 0.006470
 0.006570
 0.003264
 0.002439
 0.003080
 0.004954
-0.011745
-0.017529
-0.032087
-0.016852
-0.008171
-0.029509
-0.051459
-0.033655
-0.138932
 0.008635
 0.011118
 0.005404
 0.005275
 0.002109
-0.011064
 0.003392
-0.008756
-0.007777
 0.007408
 0.005121
 0.001386
 0.004157
 0.002403
 0.004737
 0.000217
 0.006257
 0.005229
-0.023334
-0.019967
 0.002328
-0.018941
-0.004469
 0.006804
 0.006689
 0.005800
 0.008152
 0.007231
 0.005231
 0.004992
 0.008385
 0.003804
 0.000007
 0.010103
-0.000001
 0.013556
 0.009307
-0.002755
 0.007077
 0.000049
 0.004108
 0.006274
 0.003035
 0.001918
 0.000022
-0.185703
-0.044945
-0.087589
-0.026002
-0.002359
-0.021425
-0.093318
-0.036259
-0.027451
-0.060281
-0.223095
-0.135036
-0.223162
-0.314161
-0.190152
-0.104737
-0.183473
-0.026165
 0.005878
 0.011086
 0.008696
 0.001558
-0.022452
-0.034610
 0.003305
-0.031987
-0.029238
 0.009666
 0.008430
-0.001798
 0.005273
 0.005476
 0.005017
-0.001370
 0.005051
 0.007083
-0.023876
-0.034264
-0.085123
-0.038006
-0.004259
-0.052360
-0.110225
-0.058959
-0.214710
 0.007796
 0.006777
 0.005122
 0.004855
 0.009050
 0.002284
 0.011942
 0.004445
 0.001923
 0.008563
 0.006174
-0.001397
 0.004583
-0.000371
 0.003691
-0.001780
 0.004672
 0.006712
 0.013099
 0.006221
 0.006859
 0.009286
 0.002107
 0.002951
 0.010850
 0.001803
 0.011329
-0.000490
 0.001161
 0.002087
-0.001589
 0.011920
 0.012138
 0.002886
 0.006492
 0.010463
-0.102256
-0.235457
-0.104357
-0.225192
-0.270491
-0.114239
-0.074921
-0.108821
 0.007036
 0.004170
-0.002802
 0.006900
-0.000674
 0.002982
 0.002924
 0.001009
-0.000717
-0.002483
-0.128308
-0.032284
-0.041954
-0.015794
-0.007058
-0.012725
-0.042401
-0.018044
-0.013187
-0.059265
-0.056274
-0.161362
-0.066276
 0.004134
-0.077073
-0.185259
-0.087006
-0.258757
 0.004472
 0.009314
 0.005705
-0.003695
-0.063782
-0.075498
-0.001776
-0.068517
-0.058131
 0.004279
 0.005001
-0.001260
 0.004034
 0.006305
 0.007961
-0.002894
 0.007171
 0.010197
 0.011081
 0.010457
 0.006057
 0.006384
 0.012015
 0.001715
 0.011224
 0.002159
 0.002738
 0.004036
 0.003927
-0.001955
 0.002433
-0.004165
-0.002395
-0.002897
-0.000621
-0.007486
 0.003408
 0.006843
 0.002149
 0.004508
 0.016638
 0.013081
 0.003372
 0.006936
 0.007878
 0.015387
 0.004863
 0.007918
 0.007461
-0.000848
 0.004352
 0.009729
 0.003775
 0.006142
-0.066950
-0.018891
-0.016456
-0.007933
-0.007658
-0.006260
-0.013495
-0.003556
-0.007790
-0.116421
-0.199360
-0.060054
-0.183952
-0.194528
-0.051615
-0.035515
-0.044073
 0.013944
-0.000380
-0.001729
 0.005996
-0.000653
 0.002761
 0.000261
 0.001692
-0.002432
-0.001264
 0.002303
 0.003631
 0.003070
 0.002153
 0.008195
 0.009991
-0.000799
 0.009011
 0.014375
-0.127777
-0.081778
-0.231887
-0.094620
 0.011967
-0.092724
-0.251272
-0.111122
-0.247433
 0.007048
-0.001070
-0.009668
-0.016529
-0.123763
-0.128307
-0.016291
-0.112415
-0.080557
 0.013761
 0.012513
 0.004038
 0.006618
 0.012302
 0.001435
 0.008136
 0.001672
 0.002785
-0.002920
-0.001668
-0.002355
-0.004565
-0.009071
-0.016538
-0.010037
-0.015272
-0.052281
 0.003214
 0.006720
 0.003071
 0.008709
 0.014477
-0.000203
 0.003585
 0.003056
 0.004249
-0.020041
-0.005966
-0.004896
-0.003291
-0.005536
-0.001831
-0.003721
 0.004470
-0.001760
-0.099512
-0.137003
-0.023916
-0.124084
-0.118403
-0.016788
-0.004556
-0.006988
 0.008231
-0.002184
 0.000394
 0.005155
 0.001015
 0.004582
-0.001572
 0.003744
-0.002489
 0.003210
 0.002004
 0.003181
 0.007381
 0.001179
 0.010416
 0.011169
 0.002966
 0.008531
 0.015529
-0.211887
-0.104864
-0.258386
-0.111368
 0.013382
-0.091697
-0.273463
-0.118941
-0.183993
 0.009569
-0.029807
-0.037647
-0.043805
-0.194258
-0.172188
-0.037080
-0.149381
-0.081204
 0.011788
 0.012309
-0.001741
 0.006507
 0.010464
 0.002994
 0.001211
 0.001949
-0.000487
-0.007112
-0.012786
-0.015531
-0.017937
-0.013434
-0.042422
-0.032984
-0.042484
-0.129044
 0.006090
 0.007658
 0.003744
 0.007566
 0.010637
-0.002764
 0.005293
-0.001000
 0.004761
 0.002892
 0.002876
-0.000683
-0.000812
-0.002494
 0.001226
-0.002746
 0.006826
 0.004135
-0.064491
-0.076000
-0.004119
-0.068654
-0.058677
-0.002221
 0.009588
 0.006184
 0.004718
-0.000078
 0.003689
 0.004730
 0.005222
 0.007416
-0.001161
 0.005813
-0.001640
 0.008346
 0.001592
 0.002345
 0.008819
 0.002154
 0.011575
 0.011182
 0.006075
 0.006820
 0.012747
-0.269630
-0.113715
-0.224679
-0.109077
 0.007192
-0.075288
-0.235504
-0.104129
-0.101853
 0.004117
-0.076790
-0.066430
-0.087132
-0.258739
-0.185076
-0.056030
-0.161585
-0.059384
 0.009221
 0.002374
 0.005151
 0.003887
 0.001295
 0.011407
 0.006744
 0.005236
 0.007652
 0.006967
 0.008640
 0.005867
 0.004832
-0.002311
-0.011196
 0.006723
-0.011633
-0.002860
 0.004716
 0.009554
-0.008543
 0.006537
 0.008223
 0.005955
-0.006959
 0.002994
-0.004033
-0.009672
-0.031914
-0.058881
-0.042019
-0.015080
-0.081574
-0.080551
-0.081494
-0.218486
 0.006822
 0.007045
 0.001162
 0.000433
 0.000382
 0.002044
-0.002244
 0.006302
 0.006582
-0.027319
-0.030983
 0.003147
-0.029674
-0.017707
 0.005208
 0.009722
 0.006854
 0.005937
 0.004229
 0.006665
 0.004501
 0.008034
 0.005979
 0.000021
 0.007916
 0.000605
 0.011313
 0.009096
-0.000983
 0.005406
 0.003216
 0.005465
 0.010855
 0.003936
 0.003076
 0.003681
 0.001727
 0.002581
 0.008801
 0.003603
 0.010074
 0.008842
 0.007492
 0.005137
 0.009057
-0.271522
-0.104243
-0.153354
-0.088313
-0.002532
-0.051857
-0.158644
-0.074570
-0.041701
-0.015028
-0.127894
-0.080830
-0.131300
-0.290594
-0.158253
-0.062707
-0.137695
-0.027193
-0.026914
-0.062547
-0.137860
-0.081114
-0.014777
-0.128003
-0.157630
-0.130838
-0.289797
 0.006140
 0.010090
 0.007233
 0.002603
-0.027979
-0.031316
 0.004969
-0.029912
-0.018266
 0.000000
 0.000000
 0.000000
 0.000000
 0.000000
 0.000000
 0.000000
 0.000000
 0.000000
 0.003490
 0.004041
 0.003097
 0.005677
 0.009200
-0.000758
 0.010241
 0.002592
 0.004865
 0.011272
 0.007821
 0.000643
 0.004731
 0.004287
 0.006581
-0.000003
 0.008025
 0.005964
 0.008719
 0.007443
 0.004931
 0.008295
 0.001109
 0.002012
 0.009228
 0.003833
 0.010372
-0.003374
-0.006490
 0.003405
-0.008497
 0.005089
 0.009899
 0.005672
 0.006141
 0.007946
-0.041714
-0.158783
-0.074297
-0.153183
-0.271470
-0.104353
-0.052106
-0.088105
-0.002481
 0.006481
-0.002310
 0.006029
 0.001767
 0.007466
 0.007633
 0.002035
 0.000273
 0.000478
-0.219283
-0.081104
-0.082136
-0.058838
-0.009908
-0.031780
-0.081443
-0.042111
-0.015332
-0.007254
 0.003893
-0.008478
 0.005015
 0.008357
 0.010797
-0.010716
 0.005519
 0.002715
-0.080897
-0.107559
-0.232455
-0.131810
-0.014982
-0.165903
-0.246716
-0.177310
-0.305766
 0.004274
 0.008830
 0.002359
 0.000377
-0.066712
-0.062300
-0.001870
-0.054243
-0.033941
 0.005680
 0.006716
 0.004448
 0.006314
 0.012351
-0.001604
 0.010671
 0.001994
 0.005197
 0.010666
 0.007716
-0.001190
 0.002938
 0.000444
 0.001846
-0.001811
 0.004710
 0.000933
 0.004360
 0.002035
 0.002482
 0.000873
 0.014335
 0.011192
 0.003586
 0.006806
 0.006776
-0.138856
-0.051426
-0.033633
-0.031985
-0.011692
-0.017829
-0.029578
-0.016589
-0.008130
-0.061890
-0.153737
-0.052886
-0.143251
-0.212798
-0.051921
-0.029647
-0.036705
 0.006088
 0.002876
-0.002028
 0.006406
 0.000415
 0.007466
 0.003320
 0.001539
-0.001741
-0.000263
