  2592364
  2593101
  2593838
  2592365
  2593102
  2593839
  2592366
  2593103
  2593840
  2596786
  2597523
  2598260
  2596787
  2597524
  2598261
  2596788
  2597525
  2598262
  2618896
  2619633
  2620370
  2618897
  2619634
  2620371
  2618898
  2619635
  2620372
   508128
   508865
   509602
   508129
   508866
   509603
   508130
   508867
   509604
  2142057
  2142794
  2143531
  2142058
  2142795
  2143532
  2142059
  2142796
  2143533
   530238
   530975
   531712
   530239
   530976
   531713
   530240
   530977
   531714
  2164167
  2164904
  2165641
  2164168
  2164905
  2165642
  2164169
  2164906
  2165643
  2168589
  2169326
  2170063
  2168590
  2169327
  2170064
  2168591
  2169328
  2170065
  2579104
  2579841
  2580578
  2579105
  2579842
  2580579
  2579106
  2579843
  2580580
  2596792
  2597529
  2598266
  2596793
  2597530
  2598267
  2596794
  2597531
  2598268
  2601214
  2601951
  2602688
  2601215
  2601952
  2602689
  2601216
  2601953
  2602690
  2623324
  2624061
  2624798
  2623325
  2624062
  2624799
  2623326
  2624063
  2624800
  2142063
  2142800
  2143537
  2142064
  2142801
  2143538
  2142065
  2142802
  2143539
  2146485
  2147222
  2147959
  2146486
  2147223
  2147960
  2146487
  2147224
  2147961
  2164173
  2164910
  2165647
  2164174
  2164911
  2165648
  2164175
  2164912
  2165649
  2168595
  2169332
  2170069
  2168596
  2169333
  2170070
  2168597
  2169334
  2170071
  2579110
  2579847
  2580584
  2579111
  2579848
  2580585
  2579112
  2579849
  2580586
  2583532
  2584269
  2585006
  2583533
  2584270
  2585007
  2583534
  2584271
  2585008
  2601220
  2601957
  2602694
  2601221
  2601958
  2602695
  2601222
  2601959
  2602696
  2605642
  2606379
  2607116
  2605643
  2606380
  2607117
  2605644
  2606381
  2607118
  2146491
  2147228
  2147965
  2146492
  2147229
  2147966
  2146493
  2147230
  2147967
  2150913
  2151650
  2152387
  2150914
  2151651
  2152388
  2150915
  2151652
  2152389
  2168601
  2169338
  2170075
  2168602
  2169339
  2170076
  2168603
  2169340
  2170077
  2579116
  2579853
  2580590
  2579117
  2579854
  2580591
  2579118
  2579855
  2580592
  2583538
  2584275
  2585012
  2583539
  2584276
  2585013
  2583540
  2584277
  2585014
  2587960
  2588697
  2589434
  2587961
  2588698
  2589435
  2587962
  2588699
  2589436
  2605648
  2606385
  2607122
  2605649
  2606386
  2607123
  2605650
  2606387
  2607124
  2610070
  2610807
  2611544
  2610071
  2610808
  2611545
  2610072
  2610809
  2611546
  2150919
  2151656
  2152393
  2150920
  2151657
  2152394
  2150921
  2151658
  2152395
  2155341
  2156078
  2156815
  2155342
  2156079
  2156816
  2155343
  2156080
  2156817
  2583544
  2584281
  2585018
  2583545
  2584282
  2585019
  2583546
  2584283
  2585020
  2587966
  2588703
  2589440
  2587967
  2588704
  2589441
  2587968
  2588705
  2589442
  4221895
  4222632
  4223369
  4221896
  4222633
  4223370
  4221897
  4222634
  4223371
  2610076
  2610813
  2611550
  2610077
  2610814
  2611551
  2610078
  2610815
  2611552
  4244005
  4244742
  4245479
  4244006
  4244743
  4245480
  4244007
  4244744
  4245481
  2150925
  2151662
  2152399
  2150926
  2151663
  2152400
  2150927
  2151664
  2152401
  2155347
  2156084
  2156821
  2155348
  2156085
  2156822
  2155349
  2156086
  2156823
  2159769
  2160506
  2161243
  2159770
  2160507
  2161244
  2159771
  2160508
  2161245
  2587972
  2588709
  2589446
  2587973
  2588710
  2589447
  2587974
  2588711
  2589448
  4221901
  4222638
  4223375
  4221902
  4222639
  4223376
  4221903
  4222640
  4223377
  4226323
  4227060
  4227797
  4226324
  4227061
  4227798
  4226325
  4227062
  4227799
  4244011
  4244748
  4245485
  4244012
  4244749
  4245486
  4244013
  4244750
  4245487
  4248433
  4249170
  4249907
  4248434
  4249171
  4249908
  4248435
  4249172
  4249909
  2155353
  2156090
  2156827
  2155354
  2156091
  2156828
  2155355
  2156092
  2156829
  2159775
  2160512
  2161249
  2159776
  2160513
  2161250
  2159777
  2160514
  2161251
  3793704
  3794441
  3795178
  3793705
  3794442
  3795179
  3793706
  3794443
  3795180
   958471
   959208
   959945
   958472
   959209
   959946
   958473
   959210
   959947
  2592400
  2593137
  2593874
  2592401
  2593138
  2593875
  2592402
  2593139
  2593876
  2596822
  2597559
  2598296
  2596823
  2597560
  2598297
  2596824
  2597561
  2598298
  2614510
  2615247
  2615984
  2614511
  2615248
  2615985
  2614512
  2615249
  2615986
  2618932
  2619669
  2620406
  2618933
  2619670
  2620407
  2618934
  2619671
  2620408
  2623354
  2624091
  2624828
  2623355
  2624092
  2624829
  2623356
  2624093
  2624830
  2641042
  2641779
  2642516
  2641043
  2641780
  2642517
  2641044
  2641781
  2642518
  2164203
  2164940
  2165677
  2164204
  2164941
  2165678
  2164205
  2164942
  2165679
  2592406
  2593143
  2593880
  2592407
  2593144
  2593881
  2592408
  2593145
  2593882
  2596828
  2597565
  2598302
  2596829
  2597566
  2598303
  2596830
  2597567
  2598304
  2601250
  2601987
  2602724
  2601251
  2601988
  2602725
  2601252
  2601989
  2602726
  2618938
  2619675
  2620412
  2618939
  2619676
  2620413
  2618940
  2619677
  2620414
  2623360
  2624097
  2624834
  2623361
  2624098
  2624835
  2623362
  2624099
  2624836
  2645470
  2646207
  2646944
  2645471
  2646208
  2646945
  2645472
  2646209
  2646946
  2164209
  2164946
  2165683
  2164210
  2164947
  2165684
  2164211
  2164948
  2165685
  2168631
  2169368
  2170105
  2168632
  2169369
  2170106
  2168633
  2169370
  2170107
  2579146
  2579883
  2580620
  2579147
  2579884
  2580621
  2579148
  2579885
  2580622
  2596834
  2597571
  2598308
  2596835
  2597572
  2598309
  2596836
  2597573
  2598310
  2601256
  2601993
  2602730
  2601257
  2601994
  2602731
  2601258
  2601995
  2602732
  2605678
  2606415
  2607152
  2605679
  2606416
  2607153
  2605680
  2606417
  2607154
  2623366
  2624103
  2624840
  2623367
  2624104
  2624841
  2623368
  2624105
  2624842
  2627788
  2628525
  2629262
  2627789
  2628526
  2629263
  2627790
  2628527
  2629264
  2168637
  2169374
  2170111
  2168638
  2169375
  2170112
  2168639
  2169376
  2170113
  2579152
  2579889
  2580626
  2579153
  2579890
  2580627
  2579154
  2579891
  2580628
  2583574
  2584311
  2585048
  2583575
  2584312
  2585049
  2583576
  2584313
  2585050
  2601262
  2601999
  2602736
  2601263
  2602000
  2602737
  2601264
  2602001
  2602738
  2605684
  2606421
  2607158
  2605685
  2606422
  2607159
  2605686
  2606423
  2607160
  2610106
  2610843
  2611580
  2610107
  2610844
  2611581
  2610108
  2610845
  2611582
  2627794
  2628531
  2629268
  2627795
  2628532
  2629269
  2627796
  2628533
  2629270
  2632216
  2632953
  2633690
  2632217
  2632954
  2633691
  2632218
  2632955
  2633692
  2583580
  2584317
  2585054
  2583581
  2584318
  2585055
  2583582
  2584319
  2585056
  2588002
  2588739
  2589476
  2588003
  2588740
  2589477
  2588004
  2588741
  2589478
  2605690
  2606427
  2607164
  2605691
  2606428
  2607165
  2605692
  2606429
  2607166
  2610112
  2610849
  2611586
  2610113
  2610850
  2611587
  2610114
  2610851
  2611588
  4244041
  4244778
  4245515
  4244042
  4244779
  4245516
  4244043
  4244780
  4245517
  2632222
  2632959
  2633696
  2632223
  2632960
  2633697
  2632224
  2632961
  2633698
  2636644
  2637381
  2638118
  2636645
  2637382
  2638119
  2636646
  2637383
  2638120
  2583586
  2584323
  2585060
  2583587
  2584324
  2585061
  2583588
  2584325
  2585062
  2588008
  2588745
  2589482
  2588009
  2588746
  2589483
  2588010
  2588747
  2589484
  4221937
  4222674
  4223411
  4221938
  4222675
  4223412
  4221939
  4222676
  4223413
  2610118
  2610855
  2611592
  2610119
  2610856
  2611593
  2610120
  2610857
  2611594
  4244047
  4244784
  4245521
  4244048
  4244785
  4245522
  4244049
  4244786
  4245523
  4248469
  4249206
  4249943
  4248470
  4249207
  4249944
  4248471
  4249208
  4249945
  2636650
  2637387
  2638124
  2636651
  2637388
  2638125
  2636652
  2637389
  2638126
  4270579
  4271316
  4272053
  4270580
  4271317
  4272054
  4270581
  4271318
  4272055
  2592436
  2593173
  2593910
  2592437
  2593174
  2593911
  2592438
  2593175
  2593912
   980617
   981354
   982091
   980618
   981355
   982092
   980619
   981356
   982093
  2614546
  2615283
  2616020
  2614547
  2615284
  2616021
  2614548
  2615285
  2616022
  2618968
  2619705
  2620442
  2618969
  2619706
  2620443
  2618970
  2619707
  2620444
  1007149
  1007886
  1008623
  1007150
  1007887
  1008624
  1007151
  1007888
  1008625
  2641078
  2641815
  2642552
  2641079
  2641816
  2642553
  2641080
  2641817
  2642554
  2645500
  2646237
  2646974
  2645501
  2646238
  2646975
  2645502
  2646239
  2646976
  2663188
  2663925
  2664662
  2663189
  2663926
  2664663
  2663190
  2663927
  2664664
  2667610
  2668347
  2669084
  2667611
  2668348
  2669085
  2667612
  2668349
  2669086
  2592442
  2593179
  2593916
  2592443
  2593180
  2593917
  2592444
  2593181
  2593918
  2596864
  2597601
  2598338
  2596865
  2597602
  2598339
  2596866
  2597603
  2598340
  2614552
  2615289
  2616026
  2614553
  2615290
  2616027
  2614554
  2615291
  2616028
  2618974
  2619711
  2620448
  2618975
  2619712
  2620449
  2618976
  2619713
  2620450
  2623396
  2624133
  2624870
  2623397
  2624134
  2624871
  2623398
  2624135
  2624872
  2641084
  2641821
  2642558
  2641085
  2641822
  2642559
  2641086
  2641823
  2642560
  2645506
  2646243
  2646980
  2645507
  2646244
  2646981
  2645508
  2646245
  2646982
  2649928
  2650665
  2651402
  2649929
  2650666
  2651403
  2649930
  2650667
  2651404
  2667616
  2668353
  2669090
  2667617
  2668354
  2669091
  2667618
  2668355
  2669092
  2596870
  2597607
  2598344
  2596871
  2597608
  2598345
  2596872
  2597609
  2598346
  2601292
  2602029
  2602766
  2601293
  2602030
  2602767
  2601294
  2602031
  2602768
  2618980
  2619717
  2620454
  2618981
  2619718
  2620455
  2618982
  2619719
  2620456
  2623402
  2624139
  2624876
  2623403
  2624140
  2624877
  2623404
  2624141
  2624878
  2627824
  2628561
  2629298
  2627825
  2628562
  2629299
  2627826
  2628563
  2629300
  2645512
  2646249
  2646986
  2645513
  2646250
  2646987
  2645514
  2646251
  2646988
  2649934
  2650671
  2651408
  2649935
  2650672
  2651409
  2649936
  2650673
  2651410
  2601298
  2602035
  2602772
  2601299
  2602036
  2602773
  2601300
  2602037
  2602774
  2605720
  2606457
  2607194
  2605721
  2606458
  2607195
  2605722
  2606459
  2607196
  2623408
  2624145
  2624882
  2623409
  2624146
  2624883
  2623410
  2624147
  2624884
  2627830
  2628567
  2629304
  2627831
  2628568
  2629305
  2627832
  2628569
  2629306
  2632252
  2632989
  2633726
  2632253
  2632990
  2633727
  2632254
  2632991
  2633728
  2649940
  2650677
  2651414
  2649941
  2650678
  2651415
  2649942
  2650679
  2651416
  2654362
  2655099
  2655836
  2654363
  2655100
  2655837
  2654364
  2655101
  2655838
  2605726
  2606463
  2607200
  2605727
  2606464
  2607201
  2605728
  2606465
  2607202
  2610148
  2610885
  2611622
  2610149
  2610886
  2611623
  2610150
  2610887
  2611624
  2627836
  2628573
  2629310
  2627837
  2628574
  2629311
  2627838
  2628575
  2629312
  2632258
  2632995
  2633732
  2632259
  2632996
  2633733
  2632260
  2632997
  2633734
  2636680
  2637417
  2638154
  2636681
  2637418
  2638155
  2636682
  2637419
  2638156
  2654368
  2655105
  2655842
  2654369
  2655106
  2655843
  2654370
  2655107
  2655844
  2658790
  2659527
  2660264
  2658791
  2659528
  2660265
  2658792
  2659529
  2660266
  2610154
  2610891
  2611628
  2610155
  2610892
  2611629
  2610156
  2610893
  2611630
  4244083
  4244820
  4245557
  4244084
  4244821
  4245558
  4244085
  4244822
  4245559
  2632264
  2633001
  2633738
  2632265
  2633002
  2633739
  2632266
  2633003
  2633740
  2636686
  2637423
  2638160
  2636687
  2637424
  2638161
  2636688
  2637425
  2638162
  4270615
  4271352
  4272089
  4270616
  4271353
  4272090
  4270617
  4271354
  4272091
  2658796
  2659533
  2660270
  2658797
  2659534
  2660271
  2658798
  2659535
  2660272
  4292725
  4293462
  4294199
  4292726
  4293463
  4294200
  4292727
  4293464
  4294201
  2614582
  2615319
  2616056
  2614583
  2615320
  2616057
  2614584
  2615321
  2616058
  1007185
  1007922
  1008659
  1007186
  1007923
  1008660
  1007187
  1007924
  1008661
  2641114
  2641851
  2642588
  2641115
  2641852
  2642589
  2641116
  2641853
  2642590
  1029295
  1030032
  1030769
  1029296
  1030033
  1030770
  1029297
  1030034
  1030771
  2663224
  2663961
  2664698
  2663225
  2663962
  2664699
  2663226
  2663963
  2664700
  2667646
  2668383
  2669120
  2667647
  2668384
  2669121
  2667648
  2668385
  2669122
  2685334
  2686071
  2686808
  2685335
  2686072
  2686809
  2685336
  2686073
  2686810
  2689756
  2690493
  2691230
  2689757
  2690494
  2691231
  2689758
  2690495
  2691232
  2619010
  2619747
  2620484
  2619011
  2619748
  2620485
  2619012
  2619749
  2620486
  1007191
  1007928
  1008665
  1007192
  1007929
  1008666
  1007193
  1007930
  1008667
  2641120
  2641857
  2642594
  2641121
  2641858
  2642595
  2641122
  2641859
  2642596
  2645542
  2646279
  2647016
  2645543
  2646280
  2647017
  2645544
  2646281
  2647018
  2663230
  2663967
  2664704
  2663231
  2663968
  2664705
  2663232
  2663969
  2664706
  2667652
  2668389
  2669126
  2667653
  2668390
  2669127
  2667654
  2668391
  2669128
  2672074
  2672811
  2673548
  2672075
  2672812
  2673549
  2672076
  2672813
  2673550
  2689762
  2690499
  2691236
  2689763
  2690500
  2691237
  2689764
  2690501
  2691238
  2619016
  2619753
  2620490
  2619017
  2619754
  2620491
  2619018
  2619755
  2620492
  2623438
  2624175
  2624912
  2623439
  2624176
  2624913
  2623440
  2624177
  2624914
  2641126
  2641863
  2642600
  2641127
  2641864
  2642601
  2641128
  2641865
  2642602
  2645548
  2646285
  2647022
  2645549
  2646286
  2647023
  2645550
  2646287
  2647024
  2649970
  2650707
  2651444
  2649971
  2650708
  2651445
  2649972
  2650709
  2651446
  2667658
  2668395
  2669132
  2667659
  2668396
  2669133
  2667660
  2668397
  2669134
  2672080
  2672817
  2673554
  2672081
  2672818
  2673555
  2672082
  2672819
  2673556
  2676502
  2677239
  2677976
  2676503
  2677240
  2677977
  2676504
  2677241
  2677978
  2623444
  2624181
  2624918
  2623445
  2624182
  2624919
  2623446
  2624183
  2624920
  2627866
  2628603
  2629340
  2627867
  2628604
  2629341
  2627868
  2628605
  2629342
  2645554
  2646291
  2647028
  2645555
  2646292
  2647029
  2645556
  2646293
  2647030
  2649976
  2650713
  2651450
  2649977
  2650714
  2651451
  2649978
  2650715
  2651452
  2654398
  2655135
  2655872
  2654399
  2655136
  2655873
  2654400
  2655137
  2655874
  2672086
  2672823
  2673560
  2672087
  2672824
  2673561
  2672088
  2672825
  2673562
  2676508
  2677245
  2677982
  2676509
  2677246
  2677983
  2676510
  2677247
  2677984
  2627872
  2628609
  2629346
  2627873
  2628610
  2629347
  2627874
  2628611
  2629348
  2632294
  2633031
  2633768
  2632295
  2633032
  2633769
  2632296
  2633033
  2633770
  2649982
  2650719
  2651456
  2649983
  2650720
  2651457
  2649984
  2650721
  2651458
  2654404
  2655141
  2655878
  2654405
  2655142
  2655879
  2654406
  2655143
  2655880
  2658826
  2659563
  2660300
  2658827
  2659564
  2660301
  2658828
  2659565
  2660302
  2676514
  2677251
  2677988
  2676515
  2677252
  2677989
  2676516
  2677253
  2677990
  2680936
  2681673
  2682410
  2680937
  2681674
  2682411
  2680938
  2681675
  2682412
  2632300
  2633037
  2633774
  2632301
  2633038
  2633775
  2632302
  2633039
  2633776
  2636722
  2637459
  2638196
  2636723
  2637460
  2638197
  2636724
  2637461
  2638198
  2654410
  2655147
  2655884
  2654411
  2655148
  2655885
  2654412
  2655149
  2655886
  2658832
  2659569
  2660306
  2658833
  2659570
  2660307
  2658834
  2659571
  2660308
  4292761
  4293498
  4294235
  4292762
  4293499
  4294236
  4292763
  4293500
  4294237
  2680942
  2681679
  2682416
  2680943
  2681680
  2682417
  2680944
  2681681
  2682418
  4314871
  4315608
  4316345
  4314872
  4315609
  4316346
  4314873
  4315610
  4316347
  1007221
  1007958
  1008695
  1007222
  1007959
  1008696
  1007223
  1007960
  1008697
  1029331
  1030068
  1030805
  1029332
  1030069
  1030806
  1029333
  1030070
  1030807
  2663260
  2663997
  2664734
  2663261
  2663998
  2664735
  2663262
  2663999
  2664736
  2667682
  2668419
  2669156
  2667683
  2668420
  2669157
  2667684
  2668421
  2669158
  1051441
  1052178
  1052915
  1051442
  1052179
  1052916
  1051443
  1052180
  1052917
  2685370
  2686107
  2686844
  2685371
  2686108
  2686845
  2685372
  2686109
  2686846
  2689792
  2690529
  2691266
  2689793
  2690530
  2691267
  2689794
  2690531
  2691268
  2707480
  2708217
  2708954
  2707481
  2708218
  2708955
  2707482
  2708219
  2708956
  2711902
  2712639
  2713376
  2711903
  2712640
  2713377
  2711904
  2712641
  2713378
  3122417
  3123154
  3123891
  3122418
  3123155
  3123892
  3122419
  3123156
  3123893
  2641156
  2641893
  2642630
  2641157
  2641894
  2642631
  2641158
  2641895
  2642632
  2663266
  2664003
  2664740
  2663267
  2664004
  2664741
  2663268
  2664005
  2664742
  2667688
  2668425
  2669162
  2667689
  2668426
  2669163
  2667690
  2668427
  2669164
  2672110
  2672847
  2673584
  2672111
  2672848
  2673585
  2672112
  2672849
  2673586
  2685376
  2686113
  2686850
  2685377
  2686114
  2686851
  2685378
  2686115
  2686852
  2689798
  2690535
  2691272
  2689799
  2690536
  2691273
  2689800
  2690537
  2691274
  2694220
  2694957
  2695694
  2694221
  2694958
  2695695
  2694222
  2694959
  2695696
  2641162
  2641899
  2642636
  2641163
  2641900
  2642637
  2641164
  2641901
  2642638
  2645584
  2646321
  2647058
  2645585
  2646322
  2647059
  2645586
  2646323
  2647060
  2650006
  2650743
  2651480
  2650007
  2650744
  2651481
  2650008
  2650745
  2651482
  2667694
  2668431
  2669168
  2667695
  2668432
  2669169
  2667696
  2668433
  2669170
  2672116
  2672853
  2673590
  2672117
  2672854
  2673591
  2672118
  2672855
  2673592
  2689804
  2690541
  2691278
  2689805
  2690542
  2691279
  2689806
  2690543
  2691280
  2694226
  2694963
  2695700
  2694227
  2694964
  2695701
  2694228
  2694965
  2695702
  2698648
  2699385
  2700122
  2698649
  2699386
  2700123
  2698650
  2699387
  2700124
  2645590
  2646327
  2647064
  2645591
  2646328
  2647065
  2645592
  2646329
  2647066
  2650012
  2650749
  2651486
  2650013
  2650750
  2651487
  2650014
  2650751
  2651488
  2654434
  2655171
  2655908
  2654435
  2655172
  2655909
  2654436
  2655173
  2655910
  2667700
  2668437
  2669174
  2667701
  2668438
  2669175
  2667702
  2668439
  2669176
  2672122
  2672859
  2673596
  2672123
  2672860
  2673597
  2672124
  2672861
  2673598
  2676544
  2677281
  2678018
  2676545
  2677282
  2678019
  2676546
  2677283
  2678020
  2694232
  2694969
  2695706
  2694233
  2694970
  2695707
  2694234
  2694971
  2695708
  2698654
  2699391
  2700128
  2698655
  2699392
  2700129
  2698656
  2699393
  2700130
  2703076
  2703813
  2704550
  2703077
  2703814
  2704551
  2703078
  2703815
  2704552
  2650018
  2650755
  2651492
  2650019
  2650756
  2651493
  2650020
  2650757
  2651494
  2654440
  2655177
  2655914
  2654441
  2655178
  2655915
  2654442
  2655179
  2655916
  2658862
  2659599
  2660336
  2658863
  2659600
  2660337
  2658864
  2659601
  2660338
  2672128
  2672865
  2673602
  2672129
  2672866
  2673603
  2672130
  2672867
  2673604
  2676550
  2677287
  2678024
  2676551
  2677288
  2678025
  2676552
  2677289
  2678026
  2680972
  2681709
  2682446
  2680973
  2681710
  2682447
  2680974
  2681711
  2682448
  2698660
  2699397
  2700134
  2698661
  2699398
  2700135
  2698662
  2699399
  2700136
  2703082
  2703819
  2704556
  2703083
  2703820
  2704557
  2703084
  2703821
  2704558
  2654446
  2655183
  2655920
  2654447
  2655184
  2655921
  2654448
  2655185
  2655922
  2658868
  2659605
  2660342
  2658869
  2659606
  2660343
  2658870
  2659607
  2660344
  4292797
  4293534
  4294271
  4292798
  4293535
  4294272
  4292799
  4293536
  4294273
  2676556
  2677293
  2678030
  2676557
  2677294
  2678031
  2676558
  2677295
  2678032
  2680978
  2681715
  2682452
  2680979
  2681716
  2682453
  2680980
  2681717
  2682454
  4314907
  4315644
  4316381
  4314908
  4315645
  4316382
  4314909
  4315646
  4316383
  2703088
  2703825
  2704562
  2703089
  2703826
  2704563
  2703090
  2703827
  2704564
  4337017
  4337754
  4338491
  4337018
  4337755
  4338492
  4337019
  4337756
  4338493
  3140135
  3140872
  3141609
  3140136
  3140873
  3141610
  3140137
  3140874
  3141611
  1029367
  1030104
  1030841
  1029368
  1030105
  1030842
  1029369
  1030106
  1030843
  1051477
  1052214
  1052951
  1051478
  1052215
  1052952
  1051479
  1052216
  1052953
  2685406
  2686143
  2686880
  2685407
  2686144
  2686881
  2685408
  2686145
  2686882
  2689828
  2690565
  2691302
  2689829
  2690566
  2691303
  2689830
  2690567
  2691304
  1073587
  1074324
  1075061
  1073588
  1074325
  1075062
  1073589
  1074326
  1075063
  2707516
  2708253
  2708990
  2707517
  2708254
  2708991
  2707518
  2708255
  2708992
  2711938
  2712675
  2713412
  2711939
  2712676
  2713413
  2711940
  2712677
  2713414
  3122453
  3123190
  3123927
  3122454
  3123191
  3123928
  3122455
  3123192
  3123929
  3144563
  3145300
  3146037
  3144564
  3145301
  3146038
  3144565
  3145302
  3146039
  2663302
  2664039
  2664776
  2663303
  2664040
  2664777
  2663304
  2664041
  2664778
  2667724
  2668461
  2669198
  2667725
  2668462
  2669199
  2667726
  2668463
  2669200
  2685412
  2686149
  2686886
  2685413
  2686150
  2686887
  2685414
  2686151
  2686888
  2689834
  2690571
  2691308
  2689835
  2690572
  2691309
  2689836
  2690573
  2691310
  2694256
  2694993
  2695730
  2694257
  2694994
  2695731
  2694258
  2694995
  2695732
  2707522
  2708259
  2708996
  2707523
  2708260
  2708997
  2707524
  2708261
  2708998
  2711944
  2712681
  2713418
  2711945
  2712682
  2713419
  2711946
  2712683
  2713420
  3122459
  3123196
  3123933
  3122460
  3123197
  3123934
  3122461
  3123198
  3123935
  3126881
  3127618
  3128355
  3126882
  3127619
  3128356
  3126883
  3127620
  3128357
  2667730
  2668467
  2669204
  2667731
  2668468
  2669205
  2667732
  2668469
  2669206
  2672152
  2672889
  2673626
  2672153
  2672890
  2673627
  2672154
  2672891
  2673628
  2689840
  2690577
  2691314
  2689841
  2690578
  2691315
  2689842
  2690579
  2691316
  2694262
  2694999
  2695736
  2694263
  2695000
  2695737
  2694264
  2695001
  2695738
  2698684
  2699421
  2700158
  2698685
  2699422
  2700159
  2698686
  2699423
  2700160
  2711950
  2712687
  2713424
  2711951
  2712688
  2713425
  2711952
  2712689
  2713426
  3122465
  3123202
  3123939
  3122466
  3123203
  3123940
  3122467
  3123204
  3123941
  3126887
  3127624
  3128361
  3126888
  3127625
  3128362
  3126889
  3127626
  3128363
  3131309
  3132046
  3132783
  3131310
  3132047
  3132784
  3131311
  3132048
  3132785
  2667736
  2668473
  2669210
  2667737
  2668474
  2669211
  2667738
  2668475
  2669212
  2672158
  2672895
  2673632
  2672159
  2672896
  2673633
  2672160
  2672897
  2673634
  2676580
  2677317
  2678054
  2676581
  2677318
  2678055
  2676582
  2677319
  2678056
  2694268
  2695005
  2695742
  2694269
  2695006
  2695743
  2694270
  2695007
  2695744
  2698690
  2699427
  2700164
  2698691
  2699428
  2700165
  2698692
  2699429
  2700166
  2703112
  2703849
  2704586
  2703113
  2703850
  2704587
  2703114
  2703851
  2704588
  3126893
  3127630
  3128367
  3126894
  3127631
  3128368
  3126895
  3127632
  3128369
  3131315
  3132052
  3132789
  3131316
  3132053
  3132790
  3131317
  3132054
  3132791
  4765244
  4765981
  4766718
  4765245
  4765982
  4766719
  4765246
  4765983
  4766720
  2672164
  2672901
  2673638
  2672165
  2672902
  2673639
  2672166
  2672903
  2673640
  2676586
  2677323
  2678060
  2676587
  2677324
  2678061
  2676588
  2677325
  2678062
  2681008
  2681745
  2682482
  2681009
  2681746
  2682483
  2681010
  2681747
  2682484
  2698696
  2699433
  2700170
  2698697
  2699434
  2700171
  2698698
  2699435
  2700172
  2703118
  2703855
  2704592
  2703119
  2703856
  2704593
  2703120
  2703857
  2704594
  3131321
  3132058
  3132795
  3131322
  3132059
  3132796
  3131323
  3132060
  3132797
  4765250
  4765987
  4766724
  4765251
  4765988
  4766725
  4765252
  4765989
  4766726
  2676592
  2677329
  2678066
  2676593
  2677330
  2678067
  2676594
  2677331
  2678068
  2681014
  2681751
  2682488
  2681015
  2681752
  2682489
  2681016
  2681753
  2682490
  4314943
  4315680
  4316417
  4314944
  4315681
  4316418
  4314945
  4315682
  4316419
  2698702
  2699439
  2700176
  2698703
  2699440
  2700177
  2698704
  2699441
  2700178
  2703124
  2703861
  2704598
  2703125
  2703862
  2704599
  2703126
  2703863
  2704600
  4337053
  4337790
  4338527
  4337054
  4337791
  4338528
  4337055
  4337792
  4338529
  2424544
  2425281
  2426018
  2424545
  2425282
  2426019
  2424546
  2425283
  2426020
  2428966
  2429703
  2430440
  2428967
  2429704
  2430441
  2428968
  2429705
  2430442
  2433388
  2434125
  2434862
  2433389
  2434126
  2434863
  2433390
  2434127
  2434864
  2455498
  2456235
  2456972
  2455499
  2456236
  2456973
  2455500
  2456237
  2456974
  2459920
  2460657
  2461394
  2459921
  2460658
  2461395
  2459922
  2460659
  2461396
  1987503
  1988240
  1988977
  1987504
  1988241
  1988978
  1987505
  1988242
  1988979
  2014035
  2014772
  2015509
  2014036
  2014773
  2015510
  2014037
  2014774
  2015511
  2018457
  2019194
  2019931
  2018458
  2019195
  2019932
  2018459
  2019196
  2019933
  2022879
  2023616
  2024353
  2022880
  2023617
  2024354
  2022881
  2023618
  2024355
  2428972
  2429709
  2430446
  2428973
  2429710
  2430447
  2428974
  2429711
  2430448
  2433394
  2434131
  2434868
  2433395
  2434132
  2434869
  2433396
  2434133
  2434870
  2437816
  2438553
  2439290
  2437817
  2438554
  2439291
  2437818
  2438555
  2439292
  2459926
  2460663
  2461400
  2459927
  2460664
  2461401
  2459928
  2460665
  2461402
  2464348
  2465085
  2465822
  2464349
  2465086
  2465823
  2464350
  2465087
  2465824
  2468770
  2469507
  2470244
  2468771
  2469508
  2470245
  2468772
  2469509
  2470246
  2018463
  2019200
  2019937
  2018464
  2019201
  2019938
  2018465
  2019202
  2019939
  2022885
  2023622
  2024359
  2022886
  2023623
  2024360
  2022887
  2023624
  2024361
  2027307
  2028044
  2028781
  2027308
  2028045
  2028782
  2027309
  2028046
  2028783
  2433400
  2434137
  2434874
  2433401
  2434138
  2434875
  2433402
  2434139
  2434876
  2437822
  2438559
  2439296
  2437823
  2438560
  2439297
  2437824
  2438561
  2439298
  2442244
  2442981
  2443718
  2442245
  2442982
  2443719
  2442246
  2442983
  2443720
  4076173
  4076910
  4077647
  4076174
  4076911
  4077648
  4076175
  4076912
  4077649
  2464354
  2465091
  2465828
  2464355
  2465092
  2465829
  2464356
  2465093
  2465830
  2468776
  2469513
  2470250
  2468777
  2469514
  2470251
  2468778
  2469515
  2470252
  2022891
  2023628
  2024365
  2022892
  2023629
  2024366
  2022893
  2023630
  2024367
  2027313
  2028050
  2028787
  2027314
  2028051
  2028788
  2027315
  2028052
  2028789
  2031735
  2032472
  2033209
  2031736
  2032473
  2033210
  2031737
  2032474
  2033211
  2420140
  2420877
  2421614
  2420141
  2420878
  2421615
  2420142
  2420879
  2421616
   808321
   809058
   809795
   808322
   809059
   809796
   808323
   809060
   809797
   812743
   813480
   814217
   812744
   813481
   814218
   812745
   813482
   814219
  2446672
  2447409
  2448146
  2446673
  2447410
  2448147
  2446674
  2447411
  2448148
  2451094
  2451831
  2452568
  2451095
  2451832
  2452569
  2451096
  2451833
  2452570
   839275
   840012
   840749
   839276
   840013
   840750
   839277
   840014
   840751
  2473204
  2473941
  2474678
  2473205
  2473942
  2474679
  2473206
  2473943
  2474680
  2477626
  2478363
  2479100
  2477627
  2478364
  2479101
  2477628
  2478365
  2479102
   397812
   398549
   399286
   397813
   398550
   399287
   397814
   398551
   399288
   402234
   402971
   403708
   402235
   402972
   403709
   402236
   402973
   403710
  2420146
  2420883
  2421620
  2420147
  2420884
  2421621
  2420148
  2420885
  2421622
  2424568
  2425305
  2426042
  2424569
  2425306
  2426043
  2424570
  2425307
  2426044
   812749
   813486
   814223
   812750
   813487
   814224
   812751
   813488
   814225
  2446678
  2447415
  2448152
  2446679
  2447416
  2448153
  2446680
  2447417
  2448154
  2451100
  2451837
  2452574
  2451101
  2451838
  2452575
  2451102
  2451839
  2452576
  2455522
  2456259
  2456996
  2455523
  2456260
  2456997
  2455524
  2456261
  2456998
  2477632
  2478369
  2479106
  2477633
  2478370
  2479107
  2477634
  2478371
  2479108
  2482054
  2482791
  2483528
  2482055
  2482792
  2483529
  2482056
  2482793
  2483530
  2009637
  2010374
  2011111
  2009638
  2010375
  2011112
  2009639
  2010376
  2011113
  2424574
  2425311
  2426048
  2424575
  2425312
  2426049
  2424576
  2425313
  2426050
  2428996
  2429733
  2430470
  2428997
  2429734
  2430471
  2428998
  2429735
  2430472
  2451106
  2451843
  2452580
  2451107
  2451844
  2452581
  2451108
  2451845
  2452582
  2455528
  2456265
  2457002
  2455529
  2456266
  2457003
  2455530
  2456267
  2457004
  2459950
  2460687
  2461424
  2459951
  2460688
  2461425
  2459952
  2460689
  2461426
  2482060
  2482797
  2483534
  2482061
  2482798
  2483535
  2482062
  2482799
  2483536
  2486482
  2487219
  2487956
  2486483
  2487220
  2487957
  2486484
  2487221
  2487958
  2014065
  2014802
  2015539
  2014066
  2014803
  2015540
  2014067
  2014804
  2015541
  2429002
  2429739
  2430476
  2429003
  2429740
  2430477
  2429004
  2429741
  2430478
  2433424
  2434161
  2434898
  2433425
  2434162
  2434899
  2433426
  2434163
  2434900
  2455534
  2456271
  2457008
  2455535
  2456272
  2457009
  2455536
  2456273
  2457010
  2459956
  2460693
  2461430
  2459957
  2460694
  2461431
  2459958
  2460695
  2461432
  2464378
  2465115
  2465852
  2464379
  2465116
  2465853
  2464380
  2465117
  2465854
  2486488
  2487225
  2487962
  2486489
  2487226
  2487963
  2486490
  2487227
  2487964
  2490910
  2491647
  2492384
  2490911
  2491648
  2492385
  2490912
  2491649
  2492386
  2433430
  2434167
  2434904
  2433431
  2434168
  2434905
  2433432
  2434169
  2434906
  2437852
  2438589
  2439326
  2437853
  2438590
  2439327
  2437854
  2438591
  2439328
  2459962
  2460699
  2461436
  2459963
  2460700
  2461437
  2459964
  2460701
  2461438
  2464384
  2465121
  2465858
  2464385
  2465122
  2465859
  2464386
  2465123
  2465860
  2468806
  2469543
  2470280
  2468807
  2469544
  2470281
  2468808
  2469545
  2470282
  4102735
  4103472
  4104209
  4102736
  4103473
  4104210
  4102737
  4103474
  4104211
  2490916
  2491653
  2492390
  2490917
  2491654
  2492391
  2490918
  2491655
  2492392
  2495338
  2496075
  2496812
  2495339
  2496076
  2496813
  2495340
  2496077
  2496814
   808351
   809088
   809825
   808352
   809089
   809826
   808353
   809090
   809827
   812773
   813510
   814247
   812774
   813511
   814248
   812775
   813512
   814249
  2446702
  2447439
  2448176
  2446703
  2447440
  2448177
  2446704
  2447441
  2448178
   834883
   835620
   836357
   834884
   835621
   836358
   834885
   835622
   836359
   839305
   840042
   840779
   839306
   840043
   840780
   839307
   840044
   840781
  2473234
  2473971
  2474708
  2473235
  2473972
  2474709
  2473236
  2473973
  2474710
  2477656
  2478393
  2479130
  2477657
  2478394
  2479131
  2477658
  2478395
  2479132
   865837
   866574
   867311
   865838
   866575
   867312
   865839
   866576
   867313
  2499766
  2500503
  2501240
  2499767
  2500504
  2501241
  2499768
  2500505
  2501242
  2420176
  2420913
  2421650
  2420177
  2420914
  2421651
  2420178
  2420915
  2421652
   812779
   813516
   814253
   812780
   813517
   814254
   812781
   813518
   814255
  2446708
  2447445
  2448182
  2446709
  2447446
  2448183
  2446710
  2447447
  2448184
  2451130
  2451867
  2452604
  2451131
  2451868
  2452605
  2451132
  2451869
  2452606
   839311
   840048
   840785
   839312
   840049
   840786
   839313
   840050
   840787
  2473240
  2473977
  2474714
  2473241
  2473978
  2474715
  2473242
  2473979
  2474716
  2477662
  2478399
  2479136
  2477663
  2478400
  2479137
  2477664
  2478401
  2479138
  2482084
  2482821
  2483558
  2482085
  2482822
  2483559
  2482086
  2482823
  2483560
  2504194
  2504931
  2505668
  2504195
  2504932
  2505669
  2504196
  2504933
  2505670
  2508616
  2509353
  2510090
  2508617
  2509354
  2510091
  2508618
  2509355
  2510092
  2424604
  2425341
  2426078
  2424605
  2425342
  2426079
  2424606
  2425343
  2426080
  2446714
  2447451
  2448188
  2446715
  2447452
  2448189
  2446716
  2447453
  2448190
  2451136
  2451873
  2452610
  2451137
  2451874
  2452611
  2451138
  2451875
  2452612
  2455558
  2456295
  2457032
  2455559
  2456296
  2457033
  2455560
  2456297
  2457034
  2477668
  2478405
  2479142
  2477669
  2478406
  2479143
  2477670
  2478407
  2479144
  2482090
  2482827
  2483564
  2482091
  2482828
  2483565
  2482092
  2482829
  2483566
  2486512
  2487249
  2487986
  2486513
  2487250
  2487987
  2486514
  2487251
  2487988
  2508622
  2509359
  2510096
  2508623
  2509360
  2510097
  2508624
  2509361
  2510098
  2513044
  2513781
  2514518
  2513045
  2513782
  2514519
  2513046
  2513783
  2514520
  2455564
  2456301
  2457038
  2455565
  2456302
  2457039
  2455566
  2456303
  2457040
  2459986
  2460723
  2461460
  2459987
  2460724
  2461461
  2459988
  2460725
  2461462
  2482096
  2482833
  2483570
  2482097
  2482834
  2483571
  2482098
  2482835
  2483572
  2486518
  2487255
  2487992
  2486519
  2487256
  2487993
  2486520
  2487257
  2487994
  2490940
  2491677
  2492414
  2490941
  2491678
  2492415
  2490942
  2491679
  2492416
  2513050
  2513787
  2514524
  2513051
  2513788
  2514525
  2513052
  2513789
  2514526
  2517472
  2518209
  2518946
  2517473
  2518210
  2518947
  2517474
  2518211
  2518948
  2459992
  2460729
  2461466
  2459993
  2460730
  2461467
  2459994
  2460731
  2461468
  2464414
  2465151
  2465888
  2464415
  2465152
  2465889
  2464416
  2465153
  2465890
  2486524
  2487261
  2487998
  2486525
  2487262
  2487999
  2486526
  2487263
  2488000
  2490946
  2491683
  2492420
  2490947
  2491684
  2492421
  2490948
  2491685
  2492422
  2495368
  2496105
  2496842
  2495369
  2496106
  2496843
  2495370
  2496107
  2496844
  2517478
  2518215
  2518952
  2517479
  2518216
  2518953
  2517480
  2518217
  2518954
  2521900
  2522637
  2523374
  2521901
  2522638
  2523375
  2521902
  2522639
  2523376
  2464420
  2465157
  2465894
  2464421
  2465158
  2465895
  2464422
  2465159
  2465896
  2468842
  2469579
  2470316
  2468843
  2469580
  2470317
  2468844
  2469581
  2470318
  4102771
  4103508
  4104245
  4102772
  4103509
  4104246
  4102773
  4103510
  4104247
  2490952
  2491689
  2492426
  2490953
  2491690
  2492427
  2490954
  2491691
  2492428
  2495374
  2496111
  2496848
  2495375
  2496112
  2496849
  2495376
  2496113
  2496850
  4129303
  4130040
  4130777
  4129304
  4130041
  4130778
  4129305
  4130042
  4130779
  4133725
  4134462
  4135199
  4133726
  4134463
  4135200
  4133727
  4134464
  4135201
  2521906
  2522643
  2523380
  2521907
  2522644
  2523381
  2521908
  2522645
  2523382
  4155835
  4156572
  4157309
  4155836
  4156573
  4157310
  4155837
  4156574
  4157311
  2446738
  2447475
  2448212
  2446739
  2447476
  2448213
  2446740
  2447477
  2448214
   839341
   840078
   840815
   839342
   840079
   840816
   839343
   840080
   840817
  2473270
  2474007
  2474744
  2473271
  2474008
  2474745
  2473272
  2474009
  2474746
  2477692
  2478429
  2479166
  2477693
  2478430
  2479167
  2477694
  2478431
  2479168
   865873
   866610
   867347
   865874
   866611
   867348
   865875
   866612
   867349
  2499802
  2500539
  2501276
  2499803
  2500540
  2501277
  2499804
  2500541
  2501278
  2504224
  2504961
  2505698
  2504225
  2504962
  2505699
  2504226
  2504963
  2505700
  2508646
  2509383
  2510120
  2508647
  2509384
  2510121
  2508648
  2509385
  2510122
  2530756
  2531493
  2532230
  2530757
  2531494
  2532231
  2530758
  2531495
  2532232
  2535178
  2535915
  2536652
  2535179
  2535916
  2536653
  2535180
  2535917
  2536654
  2451166
  2451903
  2452640
  2451167
  2451904
  2452641
  2451168
  2451905
  2452642
  2473276
  2474013
  2474750
  2473277
  2474014
  2474751
  2473278
  2474015
  2474752
  2477698
  2478435
  2479172
  2477699
  2478436
  2479173
  2477700
  2478437
  2479174
  2482120
  2482857
  2483594
  2482121
  2482858
  2483595
  2482122
  2482859
  2483596
  2504230
  2504967
  2505704
  2504231
  2504968
  2505705
  2504232
  2504969
  2505706
  2508652
  2509389
  2510126
  2508653
  2509390
  2510127
  2508654
  2509391
  2510128
  2513074
  2513811
  2514548
  2513075
  2513812
  2514549
  2513076
  2513813
  2514550
  2535184
  2535921
  2536658
  2535185
  2535922
  2536659
  2535186
  2535923
  2536660
  2539606
  2540343
  2541080
  2539607
  2540344
  2541081
  2539608
  2540345
  2541082
  2477704
  2478441
  2479178
  2477705
  2478442
  2479179
  2477706
  2478443
  2479180
  2482126
  2482863
  2483600
  2482127
  2482864
  2483601
  2482128
  2482865
  2483602
  2486548
  2487285
  2488022
  2486549
  2487286
  2488023
  2486550
  2487287
  2488024
  2508658
  2509395
  2510132
  2508659
  2509396
  2510133
  2508660
  2509397
  2510134
  2513080
  2513817
  2514554
  2513081
  2513818
  2514555
  2513082
  2513819
  2514556
  2517502
  2518239
  2518976
  2517503
  2518240
  2518977
  2517504
  2518241
  2518978
  2535190
  2535927
  2536664
  2535191
  2535928
  2536665
  2535192
  2535929
  2536666
  2539612
  2540349
  2541086
  2539613
  2540350
  2541087
  2539614
  2540351
  2541088
  2544034
  2544771
  2545508
  2544035
  2544772
  2545509
  2544036
  2544773
  2545510
  2486554
  2487291
  2488028
  2486555
  2487292
  2488029
  2486556
  2487293
  2488030
  2490976
  2491713
  2492450
  2490977
  2491714
  2492451
  2490978
  2491715
  2492452
  2513086
  2513823
  2514560
  2513087
  2513824
  2514561
  2513088
  2513825
  2514562
  2517508
  2518245
  2518982
  2517509
  2518246
  2518983
  2517510
  2518247
  2518984
  2521930
  2522667
  2523404
  2521931
  2522668
  2523405
  2521932
  2522669
  2523406
  2539618
  2540355
  2541092
  2539619
  2540356
  2541093
  2539620
  2540357
  2541094
  2544040
  2544777
  2545514
  2544041
  2544778
  2545515
  2544042
  2544779
  2545516
  2548462
  2549199
  2549936
  2548463
  2549200
  2549937
  2548464
  2549201
  2549938
  2490982
  2491719
  2492456
  2490983
  2491720
  2492457
  2490984
  2491721
  2492458
  2495404
  2496141
  2496878
  2495405
  2496142
  2496879
  2495406
  2496143
  2496880
  4129333
  4130070
  4130807
  4129334
  4130071
  4130808
  4129335
  4130072
  4130809
  2517514
  2518251
  2518988
  2517515
  2518252
  2518989
  2517516
  2518253
  2518990
  2521936
  2522673
  2523410
  2521937
  2522674
  2523411
  2521938
  2522675
  2523412
  4155865
  4156602
  4157339
  4155866
  4156603
  4157340
  4155867
  4156604
  4157341
  2544046
  2544783
  2545520
  2544047
  2544784
  2545521
  2544048
  2544785
  2545522
  2548468
  2549205
  2549942
  2548469
  2549206
  2549943
  2548470
  2549207
  2549944
  4182397
  4183134
  4183871
  4182398
  4183135
  4183872
  4182399
  4183136
  4183873
  2473300
  2474037
  2474774
  2473301
  2474038
  2474775
  2473302
  2474039
  2474776
   865903
   866640
   867377
   865904
   866641
   867378
   865905
   866642
   867379
  2499832
  2500569
  2501306
  2499833
  2500570
  2501307
  2499834
  2500571
  2501308
  2504254
  2504991
  2505728
  2504255
  2504992
  2505729
  2504256
  2504993
  2505730
   892435
   893172
   893909
   892436
   893173
   893910
   892437
   893174
   893911
  2526364
  2527101
  2527838
  2526365
  2527102
  2527839
  2526366
  2527103
  2527840
  2530786
  2531523
  2532260
  2530787
  2531524
  2532261
  2530788
  2531525
  2532262
   918967
   919704
   920441
   918968
   919705
   920442
   918969
   919706
   920443
  2557318
  2558055
  2558792
  2557319
  2558056
  2558793
  2557320
  2558057
  2558794
  2473306
  2474043
  2474780
  2473307
  2474044
  2474781
  2473308
  2474045
  2474782
  2477728
  2478465
  2479202
  2477729
  2478466
  2479203
  2477730
  2478467
  2479204
  2499838
  2500575
  2501312
  2499839
  2500576
  2501313
  2499840
  2500577
  2501314
  2504260
  2504997
  2505734
  2504261
  2504998
  2505735
  2504262
  2504999
  2505736
  2508682
  2509419
  2510156
  2508683
  2509420
  2510157
  2508684
  2509421
  2510158
  2526370
  2527107
  2527844
  2526371
  2527108
  2527845
  2526372
  2527109
  2527846
  2530792
  2531529
  2532266
  2530793
  2531530
  2532267
  2530794
  2531531
  2532268
  2535214
  2535951
  2536688
  2535215
  2535952
  2536689
  2535216
  2535953
  2536690
  2539636
  2540373
  2541110
  2539637
  2540374
  2541111
  2539638
  2540375
  2541112
  2557324
  2558061
  2558798
  2557325
  2558062
  2558799
  2557326
  2558063
  2558800
  2561746
  2562483
  2563220
  2561747
  2562484
  2563221
  2561748
  2562485
  2563222
  2566168
  2566905
  2567642
  2566169
  2566906
  2567643
  2566170
  2566907
  2567644
  2504266
  2505003
  2505740
  2504267
  2505004
  2505741
  2504268
  2505005
  2505742
  2508688
  2509425
  2510162
  2508689
  2509426
  2510163
  2508690
  2509427
  2510164
  2513110
  2513847
  2514584
  2513111
  2513848
  2514585
  2513112
  2513849
  2514586
  2530798
  2531535
  2532272
  2530799
  2531536
  2532273
  2530800
  2531537
  2532274
  2535220
  2535957
  2536694
  2535221
  2535958
  2536695
  2535222
  2535959
  2536696
  2539642
  2540379
  2541116
  2539643
  2540380
  2541117
  2539644
  2540381
  2541118
  2544064
  2544801
  2545538
  2544065
  2544802
  2545539
  2544066
  2544803
  2545540
  2561752
  2562489
  2563226
  2561753
  2562490
  2563227
  2561754
  2562491
  2563228
  2566174
  2566911
  2567648
  2566175
  2566912
  2567649
  2566176
  2566913
  2567650
  2570596
  2571333
  2572070
  2570597
  2571334
  2572071
  2570598
  2571335
  2572072
  2508694
  2509431
  2510168
  2508695
  2509432
  2510169
  2508696
  2509433
  2510170
  2513116
  2513853
  2514590
  2513117
  2513854
  2514591
  2513118
  2513855
  2514592
  2517538
  2518275
  2519012
  2517539
  2518276
  2519013
  2517540
  2518277
  2519014
  2539648
  2540385
  2541122
  2539649
  2540386
  2541123
  2539650
  2540387
  2541124
  2544070
  2544807
  2545544
  2544071
  2544808
  2545545
  2544072
  2544809
  2545546
  2548492
  2549229
  2549966
  2548493
  2549230
  2549967
  2548494
  2549231
  2549968
  2566180
  2566917
  2567654
  2566181
  2566918
  2567655
  2566182
  2566919
  2567656
  2570602
  2571339
  2572076
  2570603
  2571340
  2572077
  2570604
  2571341
  2572078
  2575024
  2575761
  2576498
  2575025
  2575762
  2576499
  2575026
  2575763
  2576500
  4592936
  4593673
  4594410
  4592937
  4593674
  4594411
  4592938
  4593675
  4594412
  2517544
  2518281
  2519018
  2517545
  2518282
  2519019
  2517546
  2518283
  2519020
  2521966
  2522703
  2523440
  2521967
  2522704
  2523441
  2521968
  2522705
  2523442
  4155895
  4156632
  4157369
  4155896
  4156633
  4157370
  4155897
  4156634
  4157371
  2544076
  2544813
  2545550
  2544077
  2544814
  2545551
  2544078
  2544815
  2545552
  2548498
  2549235
  2549972
  2548499
  2549236
  2549973
  2548500
  2549237
  2549974
  4182427
  4183164
  4183901
  4182428
  4183165
  4183902
  4182429
  4183166
  4183903
  2570608
  2571345
  2572082
  2570609
  2571346
  2572083
  2570610
  2571347
  2572084
  2575030
  2575767
  2576504
  2575031
  2575768
  2576505
  2575032
  2575769
  2576506
  2963435
  2964172
  2964909
  2963436
  2964173
  2964910
  2963437
  2964174
  2964911
  2967857
  2968594
  2969331
  2967858
  2968595
  2969332
  2967859
  2968596
  2969333
  2499862
  2500599
  2501336
  2499863
  2500600
  2501337
  2499864
  2500601
  2501338
   892465
   893202
   893939
   892466
   893203
   893940
   892467
   893204
   893941
  2526394
  2527131
  2527868
  2526395
  2527132
  2527869
  2526396
  2527133
  2527870
  2530816
  2531553
  2532290
  2530817
  2531554
  2532291
  2530818
  2531555
  2532292
   918997
   919734
   920471
   918998
   919735
   920472
   918999
   919736
   920473
  2552926
  2553663
  2554400
  2552927
  2553664
  2554401
  2552928
  2553665
  2554402
  2557348
  2558085
  2558822
  2557349
  2558086
  2558823
  2557350
  2558087
  2558824
   945529
   946266
   947003
   945530
   946267
   947004
   945531
   946268
   947005
  2967863
  2968600
  2969337
  2967864
  2968601
  2969338
  2967865
  2968602
  2969339
  2972285
  2973022
  2973759
  2972286
  2973023
  2973760
  2972287
  2973024
  2973761
  2499868
  2500605
  2501342
  2499869
  2500606
  2501343
  2499870
  2500607
  2501344
  2504290
  2505027
  2505764
  2504291
  2505028
  2505765
  2504292
  2505029
  2505766
  2526400
  2527137
  2527874
  2526401
  2527138
  2527875
  2526402
  2527139
  2527876
  2530822
  2531559
  2532296
  2530823
  2531560
  2532297
  2530824
  2531561
  2532298
  2535244
  2535981
  2536718
  2535245
  2535982
  2536719
  2535246
  2535983
  2536720
  2552932
  2553669
  2554406
  2552933
  2553670
  2554407
  2552934
  2553671
  2554408
  2557354
  2558091
  2558828
  2557355
  2558092
  2558829
  2557356
  2558093
  2558830
  2561776
  2562513
  2563250
  2561777
  2562514
  2563251
  2561778
  2562515
  2563252
  2972291
  2973028
  2973765
  2972292
  2973029
  2973766
  2972293
  2973030
  2973767
  2976713
  2977450
  2978187
  2976714
  2977451
  2978188
  2976715
  2977452
  2978189
  2981135
  2981872
  2982609
  2981136
  2981873
  2982610
  2981137
  2981874
  2982611
  2530828
  2531565
  2532302
  2530829
  2531566
  2532303
  2530830
  2531567
  2532304
  2535250
  2535987
  2536724
  2535251
  2535988
  2536725
  2535252
  2535989
  2536726
  2539672
  2540409
  2541146
  2539673
  2540410
  2541147
  2539674
  2540411
  2541148
  2557360
  2558097
  2558834
  2557361
  2558098
  2558835
  2557362
  2558099
  2558836
  2561782
  2562519
  2563256
  2561783
  2562520
  2563257
  2561784
  2562521
  2563258
  2566204
  2566941
  2567678
  2566205
  2566942
  2567679
  2566206
  2566943
  2567680
  2976719
  2977456
  2978193
  2976720
  2977457
  2978194
  2976721
  2977458
  2978195
  2981141
  2981878
  2982615
  2981142
  2981879
  2982616
  2981143
  2981880
  2982617
  2985563
  2986300
  2987037
  2985564
  2986301
  2987038
  2985565
  2986302
  2987039
  2535256
  2535993
  2536730
  2535257
  2535994
  2536731
  2535258
  2535995
  2536732
  2539678
  2540415
  2541152
  2539679
  2540416
  2541153
  2539680
  2540417
  2541154
  2544100
  2544837
  2545574
  2544101
  2544838
  2545575
  2544102
  2544839
  2545576
  2561788
  2562525
  2563262
  2561789
  2562526
  2563263
  2561790
  2562527
  2563264
  2566210
  2566947
  2567684
  2566211
  2566948
  2567685
  2566212
  2566949
  2567686
  2570632
  2571369
  2572106
  2570633
  2571370
  2572107
  2570634
  2571371
  2572108
  2575054
  2575791
  2576528
  2575055
  2575792
  2576529
  2575056
  2575793
  2576530
  4592966
  4593703
  4594440
  4592967
  4593704
  4594441
  4592968
  4593705
  4594442
  2981147
  2981884
  2982621
  2981148
  2981885
  2982622
  2981149
  2981886
  2982623
  2985569
  2986306
  2987043
  2985570
  2986307
  2987044
  2985571
  2986308
  2987045
  2539684
  2540421
  2541158
  2539685
  2540422
  2541159
  2539686
  2540423
  2541160
  2544106
  2544843
  2545580
  2544107
  2544844
  2545581
  2544108
  2544845
  2545582
  2548528
  2549265
  2550002
  2548529
  2549266
  2550003
  2548530
  2549267
  2550004
  4182457
  4183194
  4183931
  4182458
  4183195
  4183932
  4182459
  4183196
  4183933
  2566216
  2566953
  2567690
  2566217
  2566954
  2567691
  2566218
  2566955
  2567692
  2570638
  2571375
  2572112
  2570639
  2571376
  2572113
  2570640
  2571377
  2572114
  2575060
  2575797
  2576534
  2575061
  2575798
  2576535
  2575062
  2575799
  2576536
  2963465
  2964202
  2964939
  2963466
  2964203
  2964940
  2963467
  2964204
  2964941
  2967887
  2968624
  2969361
  2967888
  2968625
  2969362
  2967889
  2968626
  2969363
  1356068
  1356805
  1357542
  1356069
  1356806
  1357543
  1356070
  1356807
  1357544
  2989997
  2990734
  2991471
  2989998
  2990735
  2991472
  2989999
  2990736
  2991473
  2994419
  2995156
  2995893
  2994420
  2995157
  2995894
  2994421
  2995158
  2995895
  2526424
  2527161
  2527898
  2526425
  2527162
  2527899
  2526426
  2527163
  2527900
   919027
   919764
   920501
   919028
   919765
   920502
   919029
   919766
   920503
  2552956
  2553693
  2554430
  2552957
  2553694
  2554431
  2552958
  2553695
  2554432
  2557378
  2558115
  2558852
  2557379
  2558116
  2558853
  2557380
  2558117
  2558854
   945559
   946296
   947033
   945560
   946297
   947034
   945561
   946298
   947035
  2963471
  2964208
  2964945
  2963472
  2964209
  2964946
  2963473
  2964210
  2964947
  2967893
  2968630
  2969367
  2967894
  2968631
  2969368
  2967895
  2968632
  2969369
  2972315
  2973052
  2973789
  2972316
  2973053
  2973790
  2972317
  2973054
  2973791
  2994425
  2995162
  2995899
  2994426
  2995163
  2995900
  2994427
  2995164
  2995901
  2998847
  2999584
  3000321
  2998848
  2999585
  3000322
  2998849
  2999586
  3000323
  2526430
  2527167
  2527904
  2526431
  2527168
  2527905
  2526432
  2527169
  2527906
  2552962
  2553699
  2554436
  2552963
  2553700
  2554437
  2552964
  2553701
  2554438
  2557384
  2558121
  2558858
  2557385
  2558122
  2558859
  2557386
  2558123
  2558860
  2561806
  2562543
  2563280
  2561807
  2562544
  2563281
  2561808
  2562545
  2563282
