 -0.0001483082   -0.0000630892    0.0008128813  
 -0.0000338389    0.0002753697    0.0004315889  
 -0.0001064833    0.0001875540   -0.0001861933  
 -0.0002415648   -0.0000463869   -0.0005374269  
 -0.0004008802   -0.0003764451   -0.0003286266  
 -0.0002765196   -0.0003263879    0.0002198089  
 -0.0002130525   -0.0003122546    0.0004534760  
 -0.0000484440    0.0001473553    0.0005818229  
  0.0000421275    0.0002570183   -0.0001225330  
  0.0000539582    0.0000880736   -0.0006845766  
 -0.0000859951   -0.0004152406   -0.0008050548  
 -0.0002329825   -0.0004549049   -0.0002961696  
 -0.0001508614   -0.0004582592    0.0000216265  
 -0.0001435892   -0.0001063015    0.0005692378  
  0.0000371503    0.0001142515    0.0001278586  
  0.0001230593   -0.0000352273   -0.0004674978  
  0.0000899950   -0.0004098042   -0.0007528043  
  0.0000076692   -0.0004475531   -0.0005788925  
  0.0001730679   -0.0004615805    0.0000116809  
 -0.0000327717   -0.0002509223    0.0004743505  
 -0.0000154754   -0.0001222310    0.0005202300  
  0.0001666086   -0.0001808724    0.0000896179  
  0.0002528911   -0.0002762258   -0.0002250060  
  0.0002853664   -0.0004495481   -0.0003207430  
  0.0002431952   -0.0003157911    0.0003718599  
  0.0000776039   -0.0001368770    0.0005521761  
 -0.0001422883   -0.0001461776    0.0005238897  
 -0.0001049855   -0.0002972949    0.0005312623  
  0.0001078628   -0.0003641412    0.0004561593  
  0.0003081402   -0.0003262633    0.0002264811  
  0.0001640883   -0.0000844443    0.0007399082  
 -0.0000178448    0.0001106090    0.0004971467  
 -0.0002229289    0.0000833685    0.0001192080  
 -0.0004094341   -0.0001891570    0.0000332642  
 -0.0003360860   -0.0003771069    0.0003727855  
 -0.0001322544   -0.0004352071    0.0007165019  
  0.0002566379    0.0001102903   -0.0008830704  
  0.0001214403    0.0001361529   -0.0010501154  
  0.0002075156   -0.0003980970   -0.0011397253  
  0.0001048325   -0.0005515866   -0.0006564736  
  0.0002057489   -0.0003539285   -0.0003017301  
  0.0003240411   -0.0000218091   -0.0002813063  
  0.0003848803    0.0000975132   -0.0007340935  
  0.0002564444   -0.0002219122   -0.0011879803  
  0.0000613257   -0.0004912604   -0.0008989701  
 -0.0001688663   -0.0005048546   -0.0002291159  
 -0.0000063716    0.0000097921    0.0001049497  
  0.0000909099    0.0000971017   -0.0004310393  
  0.0002222574    0.0000200539   -0.0010566305  
  0.0000604019   -0.0002648823   -0.0013541584  
 -0.0001712485   -0.0003743630   -0.0007910447  
 -0.0003935934   -0.0002251412   -0.0003314260  
 -0.0002618216    0.0000911249   -0.0004060258  
 -0.0001340381    0.0000221321   -0.0009618445  
  0.0000433572   -0.0000698036   -0.0015457208  
 -0.0000512882   -0.0001986006   -0.0014145724  
 -0.0002654564   -0.0001426004   -0.0010057952  
 -0.0004200348   -0.0000084357   -0.0007074161  
 -0.0002547487   -0.0001008971   -0.0009482130  
 -0.0000543993   -0.0002215966   -0.0013458033  
  0.0001362672   -0.0002063886   -0.0013606839  
  0.0000933928   -0.0000705734   -0.0011935239  
 -0.0000710872    0.0000371100   -0.0010790478  
 -0.0001801553   -0.0002374274   -0.0010744850  
 -0.0000639680   -0.0003950682   -0.0011482006  
  0.0000991617   -0.0003989193   -0.0010258199  
  0.0002393324   -0.0001470813   -0.0008553366  
